0.000000000000000000e+00 0.000000000000000000e+00 0.000000000000000000e+00 0.000000000000000000e+00 0.000000000000000000e+00 0.000000000000000000e+00 0.000000000000000000e+00 0.000000000000000000e+00 0.000000000000000000e+00 0.000000000000000000e+00
0.000000000000000000e+00 -4.792533118811890744e-09 8.650094578555728164e-09 9.190582527277783159e-08 4.688817272359251109e-08 -1.289326160712391672e-07 4.320334504753255145e-08 1.293645457778672125e-07 7.336441178694419474e-08 2.288815831199934869e-08
0.000000000000000000e+00 1.066344980810715951e-08 -1.816025084293553665e-08 -1.891150622441778104e-07 -9.835695609144642915e-08 1.029266970181469051e-07 -2.008516572231562602e-07 -3.076154195963149568e-07 -2.460880400075460966e-07 -2.072646437892029098e-07
0.000000000000000000e+00 -1.529056226895323702e-08 2.302676689694979975e-08 2.264079243144792065e-07 1.249433196498245940e-07 1.034364457201631879e-07 3.701699384962972225e-07 4.163313574863077363e-07 4.280851162376426988e-07 4.676688963021514989e-07
0.000000000000000000e+00 1.905798515628256452e-08 -2.369565917277344919e-08 -2.036653993411473990e-07 -1.304044985303066430e-07 1.125333644816242998e-07 -5.009995458955546904e-08 -2.793418070177501600e-07 -2.518432564254562481e-07 -1.874559330332066856e-07
0.000000000000000000e+00 -2.179780947982843135e-08 2.033604039585737086e-08 1.511433294741496361e-07 1.172468952039332213e-07 1.042497955205967143e-07 1.315206550719558685e-07 2.096554075188767144e-07 3.212654975569490326e-07 3.543614514430392867e-07
0.000000000000000000e+00 2.343444993702382940e-08 -1.395147212695873294e-08 -8.402216681004863290e-08 -9.199282516216683581e-08 1.277396962062987522e-07 1.891236189580005472e-07 7.438349776942888847e-09 -4.777929083892582321e-08 5.140108141638705108e-10
0.000000000000000000e+00 -2.398915164476426781e-08 5.982454434785941955e-09 4.178772850728265480e-08 6.217638222721076115e-08 1.906177435955717491e-07 8.613037617469882987e-08 6.742378235260505781e-09 1.568693490661132728e-07 2.581600113124647537e-07
0.000000000000000000e+00 2.355824357931242115e-08 2.048075589730755010e-09 -8.113407299668406840e-09 -3.423310555355693879e-08 7.667465650051008726e-08 1.660975922011776688e-07 1.265553534868354892e-07 1.157012854478660369e-07 1.037544874012618842e-07
0.000000000000000000e+00 -2.230470670850632608e-08 -8.924210149837986114e-09 8.823873672006627734e-10 1.201709615504368851e-08 1.843101326847753057e-07 1.302320318256520136e-07 -2.680874670629891654e-08 2.992843739453359894e-08 1.423978498269623267e-07
0.000000000000000000e+00 2.042599564159972594e-08 1.388802968070921131e-08 1.170927476935304176e-08 3.166153100087705161e-09 9.182967911617765863e-08 1.170752717190597005e-07 1.053496805311399283e-07 1.741640862466266836e-07 1.814019211907502878e-07
0.000000000000000000e+00 -1.813557590799376744e-08 -1.671631752325797879e-08 -8.256929141686085915e-09 -1.193381198386496119e-08 1.175574945543649756e-07 1.179115774637811689e-07 5.266289285636217322e-09 8.607370808260501535e-10 4.992722186595026541e-08
0.000000000000000000e+00 1.563757701925321602e-08 1.758503733754293076e-08 1.611808479541190016e-08 1.582701535875506238e-08 1.020780385751679834e-07 1.045341602991947476e-07 6.387473480444960574e-08 1.357673398969297916e-07 1.856297567688267296e-07
0.000000000000000000e+00 -1.311143393325772471e-08 -1.693791363370811433e-08 -1.065177719011447383e-08 -1.653831059973407997e-08 6.813423875939059009e-08 7.589815129297784475e-08 1.739801482116438156e-08 2.008739175274603262e-08 2.563909761392870260e-08
0.000000000000000000e+00 1.070033759305754420e-08 1.529663994881906548e-08 1.604699925039591705e-08 1.549751903646910916e-08 8.548856138115018956e-08 9.328779955826747112e-08 4.740274120062002274e-08 8.374867042566146386e-08 1.329688445058475410e-07
0.000000000000000000e+00 -8.506412383453055176e-09 -1.315236440349826057e-08 -9.988179692590370062e-09 -1.366567678486324425e-08 4.291897945320790860e-08 4.570929044974217110e-08 9.468055362269562833e-09 2.688102079367567579e-08 3.271663987618064979e-08
0.000000000000000000e+00 6.591738792657203581e-09 1.088295998902392810e-08 1.341485627648791076e-08 1.164774466345252927e-08 6.000421687103479234e-08 7.158747932497973613e-08 4.005463383295940465e-08 5.558827230678491950e-08 8.162589554304701899e-08
0.000000000000000000e+00 -4.982866153238903642e-09 -8.741227154783798002e-09 -7.767355880013032020e-09 -9.705185811042255236e-09 2.880308941897312305e-08 3.025115298367396586e-08 2.610279967026494434e-09 1.818036276379905378e-08 3.103749307342140175e-08
0.000000000000000000e+00 3.678450060829597746e-09 6.862600578696461333e-09 9.955422441178574019e-09 7.970258940977444973e-09 3.860217460624984243e-08 4.863103860430378390e-08 3.036785247721456753e-08 4.103965538360477888e-08 5.343712428965030517e-08
0.000000000000000000e+00 -2.657650716435472484e-09 -5.298084261998737941e-09 -5.339659957216423059e-09 -6.425552099830876567e-09 1.919150330987255237e-08 2.146853153553235691e-08 1.183360758771982149e-09 9.314309033938263441e-09 1.999602810356778868e-08
0.000000000000000000e+00 1.888095942354326663e-09 4.042143904955462307e-09 6.782560353102764304e-09 5.066344069873499100e-09 2.369174048481707636e-08 3.080353234946153328e-08 2.018169891733893645e-08 2.954040375991604992e-08 3.860109763742617132e-08
0.000000000000000000e+00 -1.333461672201648588e-09 -3.059733740888138295e-09 -3.276708393443875504e-09 -3.824881965295490107e-09 1.258318085044402045e-08 1.523253970047704035e-08 1.497441402647529051e-09 4.525979769167776199e-09 9.918539889015413620e-09
0.000000000000000000e+00 9.578159792830120333e-10 2.300735065707343542e-09 4.146860695669892408e-09 2.685337815196213486e-09 1.383109550311683201e-08 1.883653210564628517e-08 1.277707207662424714e-08 2.043731258879852200e-08 2.850532051769007208e-08
0.000000000000000000e+00 -7.304697746634261976e-10 -1.710593882915817760e-09 -1.466482114053538390e-09 -1.593159267052098450e-09 8.335079732299869776e-09 1.028230539142388448e-08 9.042209954360015168e-10 1.312704505686946134e-09 3.290377044021324085e-09
0.000000000000000000e+00 6.248083328940322433e-10 1.230857791949021887e-09 1.723740505774972447e-09 5.488771471952590434e-10 7.646805538259046995e-09 1.181807537724418977e-08 9.195278714090570211e-09 1.519872803869195743e-08 2.159807079588308435e-08
0.000000000000000000e+00 -6.205450921598845281e-10 -8.012593467462991036e-10 5.792195223378968822e-10 4.723504299873867158e-10 5.290946416613214851e-09 5.579805976165351844e-09 -1.566401105093390500e-09 -2.421286871487738859e-09 -1.466265211998188470e-09
0.000000000000000000e+00 6.950149357528408810e-10 3.526545147568431960e-10 -1.085073008312132403e-09 -1.437190482118622698e-09 4.731480309389780815e-09 9.345949299562079164e-09 9.423061794607828875e-09 1.381171473680358643e-08 1.758983516996279664e-08
0.000000000000000000e+00 -8.237591108960454897e-10 1.913870361014962689e-10 3.470752525241694950e-09 2.320519729081214101e-09 1.847858742552484195e-09 -3.361967935287679072e-10 -6.314482340872700751e-09 -7.009338023522728945e-09 -5.028647515801350031e-09
0.000000000000000000e+00 9.601091462435387922e-10 -9.269620573966201938e-10 -4.867933881085454604e-09 -3.030832706828952087e-09 5.436354115741106656e-09 1.160359213747252572e-08 1.315328057526419495e-08 1.499593183458296443e-08 1.500553024746449834e-08
0.000000000000000000e+00 -1.036751130644170863e-09 1.962386178596822741e-09 7.602880272140562144e-09 3.469431094377884595e-09 -3.628689910051876653e-09 -8.778891601597584128e-09 -1.324724370692008649e-08 -1.159648738066702216e-08 -6.627485194979397031e-09
0.000000000000000000e+00 9.269380838343852184e-10 -3.438094064070350608e-09 -9.733168403805539649e-09 -3.463992818618255479e-09 1.028134388937782963e-08 1.850251750520090177e-08 1.945112514957980809e-08 1.680902921623340418e-08 1.182284472698085266e-08
0.000000000000000000e+00 -4.564654423132913682e-10 5.504843663262900734e-09 1.254387654803702684e-08 2.833155262702764825e-09 -1.214994852225324767e-08 -1.989756033691273072e-08 -2.121296907372676629e-08 -1.465795188971179308e-08 -5.253688729165250488e-09
0.000000000000000000e+00 -6.619156872295117286e-10 -8.358720479674664414e-09 -1.454794342404338172e-08 -1.322294849840019016e-09 1.905849409962341908e-08 2.856404957909400211e-08 2.619884263339754428e-08 1.713276873717907789e-08 6.742208211249363789e-09
0.000000000000000000e+00 2.780518376763251414e-09 1.218999295105669730e-08 1.618828225507797633e-08 -1.308318650864334950e-09 -2.323508902871190346e-08 -3.172070544427599241e-08 -2.769157026306133761e-08 -1.465341219980774466e-08 -8.953095362747882868e-10
0.000000000000000000e+00 -6.422260971671777191e-09 -1.725179239530379579e-08 -1.610201331205071802e-08 5.364671715294580247e-09 2.990655173467475161e-08 3.817282420044203934e-08 3.016831551933166970e-08 1.445355801005002241e-08 3.385666896234160377e-11
0.000000000000000000e+00 1.214340503454192584e-08 2.375156923877570076e-08 1.409229798622808015e-08 -1.108075304822813607e-08 -3.431867656133440570e-08 -3.999833463402433677e-08 -2.942221489854144338e-08 -1.095527536774620920e-08 5.106061004930144468e-09
0.000000000000000000e+00 -2.071366085841464167e-08 -3.199551796364788963e-08 -8.805612772614880755e-09 1.876399588065433872e-08 3.911255197181239493e-08 4.211272460232422154e-08 2.818857813746331236e-08 8.599517879677960144e-09 -7.003630945815539813e-09
0.000000000000000000e+00 3.279621350962347704e-08 4.216703392960010124e-08 -2.569838410150939409e-10 -2.856139501393233240e-08 -4.135413828822880663e-08 -3.976853729057141491e-08 -2.404626261101158388e-08 -4.117661615023653523e-09 1.153022933008222290e-08
0.000000000000000000e+00 -4.930170490862003651e-08 -5.463643618169556218e-08 1.429117220694636072e-08 4.076858993867938824e-08 4.261119589924883210e-08 3.612261870076707550e-08 1.889903606143718655e-08 7.113054854981560258e-11 -1.445223086907325061e-08
0.000000000000000000e+00 7.072835478578286669e-08 6.950983999664963431e-08 -3.356336733097050286e-08 -5.540131519014540905e-08 -4.144231705982581787e-08 -2.882145090203092388e-08 -1.147625140720136698e-08 5.863860684279625057e-09 2.003337724650815972e-08
0.000000000000000000e+00 -9.793457966862351388e-08 -8.728825642586341271e-08 5.878396218331463218e-08 7.285343610280611328e-08 3.957647193199121651e-08 2.059826519684538664e-08 3.057632976765355664e-09 -1.264394921538898155e-08 -2.609347498745061462e-08
0.000000000000000000e+00 1.308474807921921178e-07 1.079371033936054361e-07 -8.935884216009606508e-08 -9.303462599069035898e-08 -3.701067302757132411e-08 -1.065304657434297445e-08 7.325604565539200972e-09 2.244064139549102897e-08 3.584539000671601135e-08
0.000000000000000000e+00 -1.701782519826642973e-07 -1.322713952470065705e-07 1.253399568096097431e-07 1.167142191510500313e-07 3.612158194146436863e-08 1.349622819993197151e-09 -1.929332914037489428e-08 -3.508700588423335057e-08 -4.736022493479045800e-08
0.000000000000000000e+00 2.148829601250257883e-07 1.600147028365787324e-07 -1.649535768395192685e-07 -1.436828059411571650e-07 -3.739773519515322129e-08 8.158186812005075038e-09 3.418787915207684389e-08 5.223694477766772036e-08 6.215962283203040626e-08
0.000000000000000000e+00 -2.658664428784958754e-07 -1.926897530178932709e-07 2.083555841837948365e-07 1.754577597732472532e-07 4.272460091255446485e-08 -1.682732817789855903e-08 -5.246890294234971045e-08 -7.291594373039279897e-08 -7.684374172597978606e-08
0.000000000000000000e+00 3.208302989840335027e-07 2.295515723939925834e-07 -2.532224858669450524e-07 -2.113647215016378268e-07 -5.080611959083553053e-08 2.723102516316292975e-08 7.535237581009623176e-08 9.677924119118065329e-08 9.180132049671555087e-08
0.000000000000000000e+00 -3.820443710791356666e-07 -2.736087054721394342e-07 3.018876322501056401e-07 2.540997018837754427e-07 6.136987452696670437e-08 -4.014929830764938102e-08 -1.025968042896919574e-07 -1.207316547929332847e-07 -1.029251518455426411e-07
0.000000000000000000e+00 4.456096202989238323e-07 3.231009216292299993e-07 -3.515038346008389322e-07 -3.015708543277799865e-07 -6.972009477712598318e-08 5.975541756111673633e-08 1.330697578870793730e-07 1.431083307592085406e-07 1.118072474344453154e-07
0.000000000000000000e+00 -5.175511813043342476e-07 -3.840433181700636309e-07 4.070779162404397522e-07 3.585774991698760101e-07 7.498064884390576299e-08 -8.518253469327958575e-08 -1.642278642515640898e-07 -1.610187606062268508e-07 -1.143584171357781254e-07
0.000000000000000000e+00 5.912113160627123282e-07 4.523791831818587473e-07 -4.607978184948998803e-07 -4.199883805834934594e-07 -7.514293254483769561e-08 1.154980699512157417e-07 1.921137735423729236e-07 1.745098468037100603e-07 1.152776299497560598e-07
0.000000000000000000e+00 -6.464822457134122758e-07 -5.131726588274496934e-07 4.938149022464226303e-07 4.704688400161453787e-07 7.827980512865384007e-08 -1.326110800066473238e-07 -2.034167637504601946e-07 -1.743269271902614371e-07 -1.072668086476066320e-07
0.000000000000000000e+00 6.874459650502503941e-07 5.690581608588007071e-07 -5.046190778342738403e-07 -5.109925260199303175e-07 -9.429575970535894315e-08 1.301617961545856029e-07 1.981515088485587730e-07 1.660215397358957374e-07 1.004493333535403078e-07
0.000000000000000000e+00 -6.938425426187779836e-07 -6.031551195974645741e-07 4.757256995954132351e-07 5.249698270610763459e-07 1.299341636932115652e-07 -9.160213353559281065e-08 -1.646362226085062762e-07 -1.412887267326982438e-07 -8.776578168403837691e-08
0.000000000000000000e+00 6.651864179586165832e-07 6.125676764254334406e-07 -4.074160258333196011e-07 -5.095853142941596608e-07 -1.799114330882703204e-07 2.138864332340017945e-08 1.043489965624047329e-07 1.041778995751620518e-07 7.537572714016504187e-08
0.000000000000000000e+00 -6.108936319522084218e-07 -6.016892761595800054e-07 3.121978152481814655e-07 4.699372377898064160e-07 2.396039983646843696e-07 7.678618238659177490e-08 -1.952034565484620034e-08 -5.281732138325044851e-08 -5.617849381731313219e-08
0.000000000000000000e+00 5.360526410601576403e-07 5.714158194482403510e-07 -1.995328348200715684e-07 -4.086351913019234223e-07 -2.939458799291947610e-07 -1.827389337884008514e-07 -7.955270848234410025e-08 -6.416966630922370180e-09 3.715305006209041144e-08
0.000000000000000000e+00 -4.508396151908883099e-07 -5.270509875542094006e-07 8.434805652083228742e-08 3.332110312167182881e-07 3.392505984263352098e-07 2.898321029088415207e-07 1.860735307352080462e-07 7.672079198706445936e-08 -6.692354898847307547e-09
0.000000000000000000e+00 3.614885991614370051e-07 4.715324194947907239e-07 2.437028653931971230e-08 -2.491231625929500412e-07 -3.620106626724142097e-07 -3.748301098067243967e-07 -2.842202164200598672e-07 -1.466311433094199185e-07 -2.446003127440447789e-08
0.000000000000000000e+00 -2.759024396865549674e-07 -4.100577769633179577e-07 -1.162428652302620196e-07 1.639587290693913633e-07 3.671582683085954677e-07 4.400250543260403540e-07 3.690711035545572745e-07 2.193589765111719608e-07 7.049945421008813332e-08
0.000000000000000000e+00 1.981770181703464527e-07 3.458721741386570279e-07 1.876743192736121918e-07 -8.289437738987083478e-08 -3.448901894097706218e-07 -4.655471328953325745e-07 -4.260092965771712959e-07 -2.780856276410582411e-07 -1.125450375385085894e-07
0.000000000000000000e+00 -1.323320474280297383e-07 -2.830359714745130135e-07 -2.344498620312966372e-07 1.125238866112547940e-08 3.099276532304470455e-07 4.678033006042584813e-07 4.584272499784647032e-07 3.297794644444384986e-07 1.666120580641906269e-07
0.000000000000000000e+00 7.925940675351386489e-08 2.238884787436589416e-07 2.588000656214315837e-07 4.815012723317472553e-08 -2.527672876050896442e-07 -4.294121276657408095e-07 -4.560008528077508684e-07 -3.552064732241359091e-07 -2.046065359172341985e-07
0.000000000000000000e+00 -3.943524253853974925e-08 -1.708095838882955236e-07 -2.612503740887283624e-07 -9.322328148902684941e-08 1.960882130047523118e-07 3.804600622947734677e-07 4.322159773854877712e-07 3.699168641370751559e-07 2.488808128004882981e-07
0.000000000000000000e+00 1.135413650110037765e-08 1.247704642091379807e-07 2.479887932612932545e-07 1.239404954038683060e-07 -1.254665274039788374e-07 -3.001167721100057108e-07 -3.790598229079544656e-07 -3.531387610312696537e-07 -2.638317355171614133e-07
0.000000000000000000e+00 6.519490212571875852e-09 -8.653663018744408701e-08 -2.214008904673487972e-07 -1.409842689673950914e-07 7.035361694972185425e-08 2.297556218275319834e-07 3.182060094962445922e-07 3.314181085867777909e-07 2.839336794159508086e-07
0.000000000000000000e+00 -1.656966117605144045e-08 5.588610189638502155e-08 1.889741090728742218e-07 1.463188006994423173e-07 -6.415414063683815945e-09 -1.379234575684454524e-07 -2.391682713967237280e-07 -2.798857017096877953e-07 -2.658161742311212763e-07
0.000000000000000000e+00 2.075844121852686844e-08 -3.245618060767030446e-08 -1.521595021958247537e-07 -1.421597759190760920e-07 -2.938225234007449591e-08 7.640664921919486960e-08 1.691609884660135439e-07 2.364830816521583172e-07 2.601753706515727667e-07
0.000000000000000000e+00 -2.115135315463187842e-08 1.533362038304346080e-08 1.178171211284880335e-07 1.312065096696570588e-07 7.562390675672702512e-08 3.129968547103972485e-09 -9.045877057384445563e-08 -1.674766583179591367e-07 -2.122930749001899136e-07
0.000000000000000000e+00 1.920431227382704893e-08 -3.633426763617063511e-09 -8.488876572656287357e-08 -1.159185843799804561e-07 -8.466869133930175092e-08 -3.644527384650036614e-08 3.474330450293240319e-08 1.224753433804119364e-07 1.917280560930647004e-07
0.000000000000000000e+00 -1.618208335962277555e-08 -3.729280922416976806e-09 5.907246420946368098e-08 9.866493334767500854e-08 1.131474566959013190e-07 9.368951151688598757e-08 2.630044008412008464e-08 -5.366449841995870023e-08 -1.263524073762698356e-07
0.000000000000000000e+00 1.281622876571351636e-08 7.673514569056642898e-09 -3.656866427849494383e-08 -8.128403922294456187e-08 -9.726151786729943729e-08 -9.316042969990431975e-08 -5.539098952738278627e-08 2.399923461461269547e-08 1.073277669522470834e-07
0.000000000000000000e+00 -9.644513686106651439e-09 -9.103358658779822272e-09 2.246639896323811060e-08 6.525935873137609463e-08 1.156585479806520652e-07 1.309973412585700267e-07 9.338722688817658034e-08 3.321531902867051918e-08 -3.797427791586715124e-08
0.000000000000000000e+00 6.861253458124481871e-09 8.701692705630552667e-09 -1.076295870316933282e-08 -5.150083367285270057e-08 -8.123668464162305691e-08 -1.008746040212363348e-07 -9.452512519431622488e-08 -3.817807389194971437e-08 3.525516881881521689e-08
0.000000000000000000e+00 -4.563033172469381008e-09 -7.048497304363555758e-09 6.871178675515915275e-09 4.055479039025114795e-08 9.975315868265010759e-08 1.293820050997286319e-07 1.134315825700100264e-07 8.082959197917221966e-08 2.944332683901231191e-08
0.000000000000000000e+00 2.674213117758113328e-09 4.520177608751405918e-09 -3.235732612387295150e-09 -3.251800890107047588e-08 -5.275550451352145354e-08 -7.742553859953371805e-08 -9.214332464722334499e-08 -5.951355114221317758e-08 -7.190541962499635495e-09
0.000000000000000000e+00 -1.100670345945485919e-09 -1.387312109039429410e-09 6.337119786475935374e-09 2.724662361419816298e-08 7.987935782141215418e-08 1.076316020216947433e-07 1.003033588073708643e-07 9.161298261857712553e-08 6.586665082227376828e-08
0.000000000000000000e+00 -3.214321314659708118e-10 -2.225785995555513064e-09 -7.468581215624294720e-09 -2.432199072564069948e-08 -2.291485701580333304e-08 -4.003793031616837686e-08 -6.413325351267195934e-08 -4.775090351916690893e-08 -1.664490925825371686e-08
0.000000000000000000e+00 1.740330393428374753e-09 6.262444957015281203e-09 1.450747587629808250e-08 2.322633523556957364e-08 6.364218555519001288e-08 8.009615767094815659e-08 6.994068910069661436e-08 7.693263311340093995e-08 7.389555206140332902e-08
0.000000000000000000e+00 -3.328141504083332953e-09 -1.074372142942860530e-08 -1.771753135465694965e-08 -2.331383480418859096e-08 4.233581566247929771e-09 3.516289808712494457e-10 -2.524722321416728054e-08 -1.616099701312628161e-08 -1.284353113364120405e-10
0.000000000000000000e+00 5.234021090165945026e-09 1.570536185369018279e-08 2.632100932419883718e-08 2.394435445304960699e-08 5.204508506411240467e-08 5.409579057720151221e-08 3.480477768289314054e-08 5.005761739788742483e-08 6.336705666293629738e-08
0.000000000000000000e+00 -7.608775017841164074e-09 -2.119082612748044223e-08 -2.954224913665155148e-08 -2.444822290637178039e-08 2.945752336187583626e-08 3.884554437556296340e-08 1.441245113166595630e-08 2.282983739743774955e-08 3.039225626070109817e-08
0.000000000000000000e+00 1.057314966262588999e-08 2.719471106246477244e-08 3.764578724506657662e-08 2.422451868896126543e-08 4.274143163273411497e-08 3.189637748352404725e-08 1.952457829974504379e-09 2.117748057515014045e-08 4.728594416925009951e-08
0.000000000000000000e+00 -1.422486331523971199e-08 -3.364222825033154579e-08 -3.885737656125433012e-08 -2.270041058237773097e-08 5.449825538024938342e-08 7.373472936472128415e-08 5.004399898604893491e-08 5.995932612145807175e-08 5.936383312441580358e-08
0.000000000000000000e+00 1.861065323250008077e-08 4.033317745395357168e-08 4.407700174300971298e-08 1.939174051107032774e-08 3.327977344925480189e-08 1.303881346180469063e-08 -2.643582581079360850e-08 -1.411092326652010637e-09 4.210756321842734932e-08
0.000000000000000000e+00 -2.371965617859395829e-08 -4.692183538093531862e-08 -4.080263318696072884e-08 -1.384820526668920537e-08 7.996511432164165548e-08 1.052172554984694467e-07 7.979086833385208100e-08 8.419768377404849777e-08 6.878132801946832200e-08
0.000000000000000000e+00 2.946021353832573350e-08 5.288197739582623132e-08 4.023283332727070399e-08 5.663465719223863097e-09 2.104189379835197165e-08 -5.535401326284901564e-09 -4.783780410955705293e-08 -5.035487219564953841e-09 5.959932503208753129e-08
0.000000000000000000e+00 -3.565119412202708194e-08 -5.753724066312120120e-08 -2.981117863688133199e-08 5.586464008375908660e-09 1.075476208438173745e-07 1.347832766381392355e-07 9.629578581407541651e-08 8.061140436001440306e-08 5.655664209052206019e-08
0.000000000000000000e+00 4.201359098889332700e-08 6.010371569515368488e-08 2.092230929802982916e-08 -2.034101124351799872e-08 -1.444850896369608007e-10 -2.543723719661760644e-08 -4.989121859631654495e-08 1.805186994801926889e-08 8.198516553584796369e-08
0.000000000000000000e+00 -4.817518894325590326e-08 -5.983664021596266959e-08 -1.971333282702568412e-09 3.900479637473415083e-08 1.416292637218292006e-07 1.549914883937862902e-07 8.290831007426652851e-08 5.483758281512696002e-08 5.368098448654129440e-08
0.000000000000000000e+00 5.368800020739739097e-08 5.617654774156224289e-08 -1.582223347621673857e-08 -6.176676291982474525e-08 -3.425285331095490569e-08 -3.083607338946032193e-08 -2.169416996245692245e-08 3.899441791861690820e-08 7.064314611870937087e-08
0.000000000000000000e+00 -5.805674914992487573e-08 -4.898317163782250037e-08 4.316749734884883349e-08 8.822148967133351845e-08 1.720360644490864527e-07 1.375176128291875476e-07 4.605643491673657060e-08 5.101461374455761380e-08 8.469123451894529885e-08
0.000000000000000000e+00 6.078341431235408186e-08 3.865875787375974270e-08 -7.137671301700205129e-08 -1.169276541115773626e-07 -5.496216512365344545e-08 1.843624666234174037e-09 2.298698610500799280e-09 1.228465182324337684e-08 1.727751288116115627e-08
0.000000000000000000e+00 -6.141539903893939085e-08 -2.626301165267513806e-08 1.108464856128569490e-07 1.449492176292931783e-07 1.522677947191335840e-07 8.289882267372306740e-08 4.275342681606380396e-08 9.244086257684420993e-08 1.414005208981287433e-07
0.000000000000000000e+00 5.960234965136937076e-08 1.336816183889356219e-08 -1.517305642700960203e-07 -1.678893488474958711e-07 -2.192964822502418108e-08 2.205278593856449879e-08 -3.821042525691941555e-08 -5.868325287435461474e-08 -6.994356530369214009e-08
0.000000000000000000e+00 -5.514178662761019681e-08 -1.853986016656572131e-09 1.914985764520950578e-07 1.803913119752156412e-07 9.768864006951113663e-08 9.358300041243262229e-08 1.134431261651464365e-07 1.671600780404230470e-07 2.196654134423159377e-07
0.000000000000000000e+00 4.802350359938637857e-08 -6.556935192150508893e-09 -2.076551036965025056e-07 -1.775051969977016822e-07 -3.760597362364222901e-08 -7.581121534450683055e-08 -1.361435995562640389e-07 -1.701631708382438102e-07 -1.881215068322977801e-07
0.000000000000000000e+00 -3.843934906415749121e-08 1.066823872430543337e-08 1.915779225854913597e-07 1.560620497834596873e-07 8.855784745299445648e-08 1.377534721391077653e-07 1.602230975908825600e-07 2.198034309200793193e-07 2.574403539552664114e-07
0.000000000000000000e+00 2.679968001116389987e-08 -1.023450166525970498e-08 -1.408289675539791709e-07 -1.161728944879892103e-07 4.212763185816375752e-08 -2.347734748579452524e-10 -9.192502629722879709e-08 -1.098507766238284930e-07 -1.019864457553389808e-07
0.000000000000000000e+00 -1.202158724605514092e-08 5.244698242324805082e-09 6.327985523692800443e-08 5.384218487849761967e-08 -9.695442206275172586e-08 -7.534665002453724142e-08 1.889670392862460857e-08 3.376519687112167212e-09 -2.872895893098539877e-08
0.000000000000000000e+00 0.000000000000000000e+00 0.000000000000000000e+00 0.000000000000000000e+00 0.000000000000000000e+00 0.000000000000000000e+00 0.000000000000000000e+00 0.000000000000000000e+00 0.000000000000000000e+00 0.000000000000000000e+00
