0.000000000000000000e+00 5.500000000000001416e-03 1.550000000000000336e-02 2.550000000000000530e-02 3.550000000000000377e-02 4.550000000000000572e-02 5.550000000000000766e-02 6.550000000000000266e-02 7.550000000000001155e-02 8.550000000000002043e-02
0.000000000000000000e+00 3.888500365061556101e-03 1.092444564938780359e-02 1.831031884334338375e-02 2.585617804310633150e-02 3.350751877116339705e-02 4.123640721190473257e-02 4.902885228924635380e-02 5.687426401550736005e-02 6.476470214450437413e-02
0.000000000000000000e+00 3.125879658413785542e-03 8.656456593955546078e-03 1.457861304593059681e-02 2.069173480207226606e-02 2.693399083398472296e-02 3.327860538645173449e-02 3.970378458017707196e-02 4.619552594251229161e-02 5.274558622085578907e-02
0.000000000000000000e+00 2.364309308292003673e-03 6.391608827424349534e-03 1.084890402495356475e-02 1.553421065105499085e-02 2.037530944883194847e-02 2.533497216791294818e-02 3.039381420203177489e-02 3.553582917606604857e-02 4.075000900314076913e-02
0.000000000000000000e+00 2.003652317597242639e-03 5.272715986503233136e-03 8.927828324305287985e-03 1.279312918866199605e-02 1.680524742902939420e-02 2.093667458227560507e-02 2.516509101714791211e-02 2.947340779588442095e-02 3.385241104076915780e-02
0.000000000000000000e+00 1.644279426232745072e-03 4.155952036924905925e-03 7.005702693506928036e-03 1.005511730092405361e-02 1.324638753609390200e-02 1.654977588183428883e-02 1.994709646974158340e-02 2.342399957193441046e-02 2.697167766750456497e-02
0.000000000000000000e+00 1.473613881826897013e-03 3.605583400095835681e-03 6.022030593026337503e-03 8.609829577304432824e-03 1.132102413710823693e-02 1.413467138643542328e-02 1.703474876077962566e-02 2.000646834164705734e-02 2.304180399903117682e-02
0.000000000000000000e+00 1.304295446321202239e-03 3.056546259731078921e-03 5.037026744754579191e-03 7.164987488176816945e-03 9.401587727749861553e-03 1.172835632884190564e-02 1.413106014248748966e-02 1.659765073695026669e-02 1.912250436224258165e-02
0.000000000000000000e+00 1.223385902188648452e-03 2.786245560675533906e-03 4.535063215666450612e-03 6.406572023561172245e-03 8.369464076136885061e-03 1.040978129964192922e-02 1.251718899583810496e-02 1.468109198050074685e-02 1.689588402954950511e-02
0.000000000000000000e+00 1.143777451380388263e-03 2.517085320096093363e-03 4.032763413905631963e-03 5.648210146718313576e-03 7.339495437253487457e-03 9.096778863621247241e-03 1.091080933097347480e-02 1.277210287702557068e-02 1.467698233817821621e-02
0.000000000000000000e+00 1.105300046919553345e-03 2.384357499685031342e-03 3.777268784349850118e-03 5.251605055300332357e-03 6.788705417569613348e-03 8.380581572842668928e-03 1.002068956835064882e-02 1.170176020028073499e-02 1.342071337761075248e-02
0.000000000000000000e+00 1.067976281469816199e-03 2.252819214979562019e-03 3.522224345181083818e-03 4.855532449903442703e-03 6.238872211799154077e-03 7.667525463389271954e-03 9.136243467758944914e-03 1.063836630135764003e-02 1.217148003354312502e-02
0.000000000000000000e+00 1.049600572629854484e-03 2.187576945244334298e-03 3.392419671260798499e-03 4.648677090294130176e-03 5.945844850976126847e-03 7.280059547728181570e-03 8.647481736521142950e-03 1.004303185567810217e-02 1.146519692101399465e-02
0.000000000000000000e+00 1.032163251292931129e-03 2.123520727002259009e-03 3.263458623867245521e-03 4.442770723387146591e-03 5.653829021147399776e-03 6.894706904493655766e-03 8.162625270503560265e-03 9.453263525565318640e-03 1.076529444550513616e-02
0.000000000000000000e+00 1.023345379363145222e-03 2.091392181068413812e-03 3.197576289633737717e-03 4.335116088998801354e-03 5.498329899825097830e-03 6.685690930710484585e-03 7.895229639932367649e-03 9.123489514824877425e-03 1.036968716090272066e-02
0.000000000000000000e+00 1.015230224114331472e-03 2.060313031104270883e-03 3.132643422729098747e-03 4.228529571359169147e-03 5.343964187766233644e-03 6.478448635157512021e-03 7.630610489468134770e-03 8.797695182089558183e-03 9.979133189089540307e-03
0.000000000000000000e+00 1.010979887899622056e-03 2.044459502293355553e-03 3.099216152454290201e-03 4.172607874798020533e-03 5.261664218930158822e-03 6.365988517477947153e-03 7.484729230950323831e-03 8.615663149760654366e-03 9.758395352210772269e-03
0.000000000000000000e+00 1.007216557779274388e-03 2.029433211039537166e-03 3.066658587963740946e-03 4.117654478510733747e-03 5.180397994598596838e-03 6.255027037679345564e-03 7.340959448637084279e-03 8.436441944510550753e-03 9.541280713899686836e-03
0.000000000000000000e+00 1.005161495437989971e-03 2.021598213926152285e-03 3.049701345173693161e-03 4.088656794573357171e-03 5.136961880477216962e-03 6.194688467399896842e-03 7.261565270569185319e-03 8.336221394581325508e-03 9.418505987047930128e-03
0.000000000000000000e+00 1.003420472978522543e-03 2.014354024292968563e-03 3.033437727320016652e-03 4.060425868962169033e-03 5.094335324467757532e-03 6.135510823966913198e-03 7.183788784283860057e-03 8.238071865750580189e-03 9.298314900386250165e-03
0.000000000000000000e+00 1.002426156213939625e-03 2.010481524322120604e-03 3.024845357704884340e-03 4.045422682435581042e-03 5.071477892117555626e-03 6.103232162099963762e-03 7.140680343717495382e-03 8.182996356424658557e-03 9.230162036339533901e-03
0.000000000000000000e+00 1.001620714108355939e-03 2.006991809816128722e-03 3.016736169130713238e-03 4.030955159313285782e-03 5.049190594895111746e-03 6.071790657362650077e-03 7.098784670999959932e-03 8.129502481644144962e-03 9.163952827541446342e-03
0.000000000000000000e+00 1.001141469890751189e-03 2.005087491777705812e-03 3.012407359068255529e-03 4.023227751554846014e-03 5.037200764634375272e-03 6.054562133671920199e-03 7.075410650390101877e-03 8.099258820592368166e-03 9.126142410081722334e-03
0.000000000000000000e+00 1.000766190706477675e-03 2.003393629370198766e-03 3.008342657409278278e-03 4.015806059831783861e-03 5.025580034687554890e-03 6.037936832594093320e-03 7.052971290104777767e-03 8.070280656888084714e-03 9.089890472144245351e-03
0.000000000000000000e+00 1.000539933370842363e-03 2.002481781239504044e-03 3.006212267572848287e-03 4.011873008056499046e-03 5.019308793261785355e-03 6.028729410263189772e-03 7.040261861241021123e-03 8.053628272067991575e-03 9.068876030217283557e-03
0.000000000000000000e+00 1.000357607887719874e-03 2.001624616456363845e-03 3.004113547887498053e-03 4.008027191792511504e-03 5.013274317979591298e-03 6.020027208539371379e-03 7.028381650166816430e-03 8.038095679392913764e-03 9.049198108598673074e-03
0.000000000000000000e+00 1.000263114945638444e-03 2.001240800490289989e-03 3.003155145154035466e-03 4.006086807337487510e-03 5.009982811834491623e-03 6.015032672472143092e-03 7.021361642848846472e-03 8.028819321694200331e-03 9.037443410154980331e-03
0.000000000000000000e+00 1.000154593624880649e-03 2.000733355074404106e-03 3.001961042436145349e-03 4.004035313556801590e-03 5.006897610866393664e-03 6.010615215427379462e-03 7.015256778705543719e-03 8.020677060726106797e-03 9.026909240882565258e-03
0.000000000000000000e+00 1.000148121192752631e-03 2.000681150393130488e-03 3.001678484340288607e-03 4.003147960354179295e-03 5.005108293116135830e-03 6.007751892881352598e-03 7.011193920604918452e-03 8.015354851146508017e-03 9.020247992713812529e-03
0.000000000000000000e+00 1.000035345534175737e-03 2.000244818311893054e-03 3.000837314145936817e-03 4.001994005125513766e-03 5.003635732438223120e-03 6.005728368974122197e-03 7.008306375787284707e-03 8.011289430647910992e-03 9.014725967723685382e-03
0.000000000000000000e+00 1.000129450633517473e-03 2.000484465673262394e-03 3.000998357286066131e-03 4.001648395564200329e-03 5.002527096107844441e-03 6.003846953165493765e-03 7.005710767917558597e-03 8.008066640188231736e-03 9.010890536742692525e-03
0.000000000000000000e+00 9.999274586040337188e-04 1.999911554074342880e-03 3.000225002441777710e-03 4.000973146991428260e-03 5.002017496550327860e-03 6.003243783982687917e-03 7.004659411886609774e-03 8.006239061563889467e-03 9.008059506224149957e-03
0.000000000000000000e+00 1.000195768510523829e-03 2.000515389239913323e-03 3.000710382544368761e-03 4.000851651573679273e-03 5.001115966318889910e-03 6.001721880697565015e-03 7.002753972707984054e-03 8.004153989071210312e-03 9.005853256117116526e-03
0.000000000000000000e+00 9.997725241855871976e-04 1.999591735954208815e-03 2.999883258143881334e-03 4.000513396832362789e-03 5.001268407443949793e-03 6.002014061345038384e-03 7.002748671730742690e-03 8.003501611926666995e-03 9.004382772925209957e-03
0.000000000000000000e+00 1.000371663940309314e-03 2.000733156490132683e-03 3.000590118437382759e-03 4.000363025762965381e-03 5.000301600316944123e-03 6.000559452702829144e-03 7.001190228504668329e-03 8.002108466468697834e-03 9.003207425079330292e-03
0.000000000000000000e+00 9.995087347152156135e-04 1.999190164243155616e-03 2.999718946937845587e-03 4.000398970779715790e-03 5.000972464980041679e-03 6.001406231944175600e-03 7.001713156197239725e-03 8.001971778577515043e-03 9.002312588633354026e-03
0.000000000000000000e+00 1.000708156299364836e-03 2.001148025553157583e-03 3.000497109283162787e-03 3.999962813949439235e-03 4.999800371988875891e-03 5.999954230871724567e-03 7.000431929208737400e-03 8.001121257247027427e-03 9.001901848150401994e-03
0.000000000000000000e+00 9.990662258482765554e-04 1.998630851313743396e-03 2.999714096258119644e-03 4.000537286114344213e-03 5.000904516196289298e-03 6.001071625920398160e-03 7.001085670544314292e-03 8.001052028501820512e-03 9.001093898541111249e-03
0.000000000000000000e+00 1.001272803475163021e-03 2.001799436315289740e-03 3.000338292271716775e-03 3.999523558906469337e-03 4.999468829555683662e-03 5.999699839230299668e-03 7.000170379593692420e-03 8.000764190259503084e-03 9.001378914584239055e-03
0.000000000000000000e+00 9.983732216734464079e-04 1.997844877479802717e-03 2.999875176150022024e-03 4.000895338693655559e-03 5.000958664585920810e-03 6.000840936152978394e-03 7.000629150204031037e-03 8.000422435503218646e-03 9.000312158340595739e-03
0.000000000000000000e+00 1.002136669258754361e-03 2.002746409872109903e-03 3.000064890236007944e-03 3.998967252771315137e-03 4.999210612075304094e-03 5.999665855578431399e-03 7.000236467857514841e-03 8.000824822460486999e-03 9.001362767160186670e-03
0.000000000000000000e+00 9.973686296007174771e-04 1.996763702923226493e-03 3.000193695789612949e-03 4.001469759580918682e-03 5.001122629794284638e-03 6.000670896825364455e-03 7.000241559487494457e-03 7.999916170250549047e-03 8.999753015665150693e-03
0.000000000000000000e+00 1.003363521224683811e-03 2.004068166966316983e-03 2.999678748963429016e-03 3.998237480084512047e-03 4.998927473429180639e-03 5.999747893207012413e-03 7.000541897599544920e-03 8.001213565494456892e-03 9.001722157808899824e-03
0.000000000000000000e+00 9.960110126133775617e-04 1.995311241084556445e-03 3.000626420444581222e-03 4.002279134985068342e-03 5.001452887782606958e-03 6.000592143781746830e-03 6.999898700476544881e-03 7.999478469334348266e-03 8.999367239835284749e-03
0.000000000000000000e+00 1.005014756083683330e-03 2.005876304984497479e-03 2.999219506579027441e-03 3.997274894518496914e-03 4.998525141210605899e-03 5.999880056643025310e-03 7.001054227169945660e-03 8.001886659007403924e-03 9.002371525474835851e-03
0.000000000000000000e+00 9.942699874902574154e-04 1.993391122141406537e-03 3.001112691296024988e-03 4.003369110835831510e-03 5.002024101257330525e-03 6.000657811239943663e-03 6.999649354976326260e-03 7.999198425042774313e-03 8.999282963865287005e-03
0.000000000000000000e+00 1.007187195410572155e-03 2.008339402115741790e-03 2.998709874859281383e-03 3.995994326394583344e-03 4.997959163088119133e-03 6.000058285766553604e-03 7.001755402734502996e-03 8.002780289149078949e-03 9.003247170970209157e-03
0.000000000000000000e+00 9.920898653643114937e-04 1.990871079120828772e-03 3.001625806769363941e-03 4.004821378660029102e-03 5.002895434205055850e-03 6.000957859879030298e-03 6.999688079879129790e-03 7.999361736508650914e-03 8.999792238761992330e-03
0.000000000000000000e+00 1.010097413582514972e-03 2.011715873659463642e-03 2.998073954898951982e-03 3.994263439269175354e-03 4.997235924711832325e-03 6.000288827514206787e-03 7.002576290089290202e-03 8.003826129908879136e-03 9.004390159411325423e-03
0.000000000000000000e+00 9.893284657712768382e-04 1.987576609716638736e-03 3.002212363313386517e-03 4.006766126054592259e-03 5.004204349883651509e-03 6.001781159985508651e-03 7.000469665401712512e-03 8.000454014688409068e-03 9.001330956678630507e-03
0.000000000000000000e+00 1.014220334848544864e-03 2.016378622808896130e-03 2.997037011640197625e-03 3.991873832816380911e-03 4.996278455820667500e-03 6.000438934484422435e-03 7.003403012585332141e-03 8.005084162975122097e-03 9.006090013320190019e-03
0.000000000000000000e+00 9.856913887312760292e-04 1.983325158082758881e-03 3.003054837874343051e-03 4.009411091225606981e-03 5.006401174586764050e-03 6.003844651907637615e-03 7.002769685346485126e-03 8.003179161014119594e-03 9.004534835485921568e-03
0.000000000000000000e+00 1.016002141002124914e-03 2.019219736868847238e-03 2.998015954644337247e-03 3.991440246608838997e-03 4.995530882816878390e-03 5.999787397929128366e-03 7.003214173611877272e-03 8.005708456672382470e-03 9.007791451094208229e-03
0.000000000000000000e+00 9.847491548810980051e-04 1.981341323180490360e-03 3.001833391389211597e-03 4.010052674666995075e-03 5.008808191017253240e-03 6.007507067905008477e-03 7.007143334688346881e-03 8.007862651238173771e-03 9.009401358367682966e-03
0.000000000000000000e+00 1.015458425381667073e-03 2.019974581269390161e-03 3.000801097116927336e-03 3.993177734766822570e-03 4.995239393018381137e-03 5.998570080094755425e-03 7.002359974795757669e-03 8.006175451902386095e-03 9.010046793233986162e-03
0.000000000000000000e+00 9.860591221474653868e-04 1.981605896307968816e-03 2.999328041442873329e-03 4.009031985019368728e-03 5.011254978456619255e-03 6.012510311704947867e-03 7.013478927484374965e-03 8.014636809553285848e-03 9.016361095999190015e-03
0.000000000000000000e+00 1.013213419631577971e-03 2.018895271528255327e-03 3.004541225795674588e-03 3.996765169614486732e-03 4.996114978569278844e-03 5.997970295070067376e-03 7.002019504906600855e-03 8.007485755801627830e-03 9.013685328813940065e-03
0.000000000000000000e+00 9.887667067981610949e-04 1.983692699754637054e-03 2.996760702390398236e-03 4.007214546269534210e-03 5.013445129418362366e-03 6.018075488428610391e-03 7.021220795095150201e-03 8.023512475812639294e-03 9.026005302311351439e-03
0.000000000000000000e+00 1.010169256367816513e-03 2.016591707238137715e-03 3.008236615961258631e-03 4.001580326038126426e-03 4.998927217470742167e-03 5.999608055407464231e-03 7.003964230821810993e-03 8.011149250108364969e-03 9.019942017721290992e-03
0.000000000000000000e+00 9.919535275082498171e-04 1.986974082111982436e-03 2.995292133596168076e-03 4.005746703797153502e-03 5.015473606618432029e-03 6.023691604716096930e-03 7.029925571157226785e-03 8.034618031573221783e-03 9.039158916637939425e-03
0.000000000000000000e+00 1.007162682194963311e-03 2.013823460874477125e-03 3.011252687378319481e-03 4.007055721400010727e-03 5.004193478324027618e-03 6.004910684294062842e-03 7.010091151793556435e-03 8.019111673096695342e-03 9.030660764316335298e-03
0.000000000000000000e+00 9.949256977505173231e-04 1.990845588160039537e-03 2.995688292812799872e-03 4.005794165912908433e-03 5.018100089394159774e-03 6.029768442358704808e-03 7.039944213102435240e-03 8.048622780808143903e-03 9.057057785147901857e-03
0.000000000000000000e+00 1.004751909474707041e-03 2.011321402575891835e-03 3.013579586706044162e-03 4.013012723840009462e-03 5.012233358546147252e-03 6.014890091122920140e-03 7.022116147290679775e-03 8.033625304098970799e-03 9.048441789483982478e-03
0.000000000000000000e+00 9.973427115490417130e-04 1.994904602144870025e-03 2.998293232833731860e-03 4.008407922636235063e-03 5.022741825012771479e-03 6.037880456661644073e-03 7.052891618526199377e-03 8.067264488800173286e-03 9.081781247097860110e-03
0.000000000000000000e+00 1.003180462178930978e-03 2.009695451863534581e-03 3.015835360637004331e-03 4.019883785265757938e-03 5.023512431333566029e-03 6.030431117351946896e-03 7.041704416551586819e-03 8.057285419844227928e-03 9.076739700201634856e-03
0.000000000000000000e+00 9.991921265664776598e-04 1.999054698096479170e-03 3.003253424684860194e-03 4.014589313464918784e-03 5.031374421224546478e-03 6.050707975686836666e-03 7.071826366487499009e-03 8.093811136085963046e-03 9.116885360268427857e-03
0.000000000000000000e+00 1.002473015055104768e-03 2.009446546215029605e-03 3.019135623412228572e-03 4.028827945119879510e-03 5.039107760732203928e-03 6.052923952468827751e-03 7.071040772095575633e-03 8.093423798916473538e-03 9.120137368854414409e-03
0.000000000000000000e+00 1.000685126870993818e-03 2.003550010265397249e-03 3.010873323521965142e-03 4.025549629847613095e-03 5.046542516191066668e-03 6.071963584654348038e-03 7.101324625948738159e-03 8.133446406644493157e-03 9.168106296094255536e-03
0.000000000000000000e+00 1.002581453443958598e-03 2.011070564699373852e-03 3.024988872376704017e-03 4.041820823777931074e-03 5.061193455152104663e-03 6.085031785401395256e-03 7.113689794981109885e-03 8.146894744412920206e-03 9.185009258288794054e-03
0.000000000000000000e+00 1.002157124665071499e-03 2.009023452825544395e-03 3.021996238634531724e-03 4.043127062988302600e-03 5.071620070478342554e-03 6.106574801563987957e-03 7.147732591213010363e-03 8.193747837380737156e-03 9.244147310838227855e-03
0.000000000000000000e+00 1.003518923196210352e-03 2.015233247253244743e-03 3.035347394763462676e-03 4.061834595418130009e-03 5.093544854784328585e-03 6.131498768645013940e-03 7.175624764546292833e-03 8.225209693614028011e-03 9.280673070720984325e-03
0.000000000000000000e+00 1.004025924723980084e-03 2.016554414907883487e-03 3.038379586316911594e-03 4.070342313195345757e-03 5.111401650335168322e-03 6.161301450133357775e-03 7.219846248990830807e-03 8.285510328229847218e-03 9.357734495552782333e-03
0.000000000000000000e+00 1.005463789009826284e-03 2.023008445201657408e-03 3.052886075193490204e-03 4.093227431159095035e-03 5.142161175074265109e-03 6.200059603794921999e-03 7.266442588490945771e-03 8.340022978628571296e-03 9.421076750002548364e-03
0.000000000000000000e+00 1.006824057091148346e-03 2.027833285411540475e-03 3.063123896791080693e-03 4.112129170704360327e-03 5.173077007380738265e-03 6.245891008705606491e-03 7.330199893225499558e-03 8.424172031014424272e-03 9.527232702837505271e-03
0.000000000000000000e+00 1.008853095740965163e-03 2.036200378724931353e-03 3.081547335213310687e-03 4.142461106927741894e-03 5.216191463079648642e-03 6.302653486125335373e-03 7.400940249666451524e-03 8.509098684773641966e-03 9.627125988950145999e-03
0.000000000000000000e+00 1.011305644686535596e-03 2.045484498177043212e-03 3.101285273231303100e-03 4.176350526872154960e-03 5.267667433109478152e-03 6.374866281265608760e-03 7.497124709068108891e-03 8.632099032137676917e-03 9.779165037410894948e-03
0.000000000000000000e+00 1.014505321268138792e-03 2.057807866409425580e-03 3.127407832622833110e-03 4.219285342195228453e-03 5.329410760475138294e-03 6.457250762360495361e-03 7.601366954422100405e-03 8.759041301999819645e-03 9.929898772314418517e-03
0.000000000000000000e+00 1.018635567092544304e-03 2.073628571565573619e-03 3.160850539692498361e-03 4.275294862475889114e-03 5.412092884701096528e-03 6.570118931104873550e-03 7.747800619488209861e-03 8.942036154502171902e-03 1.015203526515592002e-02
0.000000000000000000e+00 1.023822008801524150e-03 2.092734699155765141e-03 3.199991541057154495e-03 4.338587071553075616e-03 5.502553103394207563e-03 6.690683011736084547e-03 7.900787297665336217e-03 9.129234542396641450e-03 1.037518406628325403e-02
0.000000000000000000e+00 1.030693122563047445e-03 2.118806381177187025e-03 3.254308063386700863e-03 4.427948615540323700e-03 5.632184884036522954e-03 6.864645287954409397e-03 8.122676576017765285e-03 9.402159081623217077e-03 1.070196200347319632e-02
0.000000000000000000e+00 1.039131047192911250e-03 2.148913130410243059e-03 3.314265545991147525e-03 4.523214844265923892e-03 5.766903461506140902e-03 7.042968348884378130e-03 8.348125917829712916e-03 9.677618428849073251e-03 1.103001159062786708e-02
0.000000000000000000e+00 1.050558817112766385e-03 2.191465216421040457e-03 3.401137995679390756e-03 4.663475578657165846e-03 5.967155351388384564e-03 7.307992323086587999e-03 8.681869715025852807e-03 1.008338020615007907e-02 1.151083725044281005e-02
0.000000000000000000e+00 1.064263544618451220e-03 2.239102264650562508e-03 3.493710467197663067e-03 4.808264553372963365e-03 6.169720034461725205e-03 7.573797345937188785e-03 9.015664871155045293e-03 1.048917512446844065e-02 1.199210919938545339e-02
0.000000000000000000e+00 1.083304004436880545e-03 2.308329957906635112e-03 3.631704439249317830e-03 5.026536341867685054e-03 6.476287573615143074e-03 7.974276934890610000e-03 9.514467948830793859e-03 1.108988741611261278e-02 1.269806630179107915e-02
0.000000000000000000e+00 1.105512442292992930e-03 2.383773807539240827e-03 3.775076377421151229e-03 5.247572236614022473e-03 6.782337233189552998e-03 8.372144149365289001e-03 1.001008282412001009e-02 1.168831545362613959e-02 1.340355384708282090e-02
0.000000000000000000e+00 1.137280461054570885e-03 2.496177708537965743e-03 3.993291429611294831e-03 5.585387352011013037e-03 7.248961504968074246e-03 8.974019038596665540e-03 1.075208178397682457e-02 1.257437616025957293e-02 1.443744093762303754e-02
0.000000000000000000e+00 1.173217851148214029e-03 2.615738735053047773e-03 4.215754696871579915e-03 5.923538922096267291e-03 7.712232375414899976e-03 9.570436378552812234e-03 1.148858405729039946e-02 1.345679675552019505e-02 1.547039202130088935e-02
0.000000000000000000e+00 1.226231760348798399e-03 2.797841675987434128e-03 4.559430122603064586e-03 6.444157064545080055e-03 8.419605527318230892e-03 1.047154975266767138e-02 1.258860038852886373e-02 1.476007927842384188e-02 1.698124782650951500e-02
0.000000000000000000e+00 1.284383421378163968e-03 2.987548658980862092e-03 4.905170366042085027e-03 6.961968839946475023e-03 9.120976384330369002e-03 1.136536581454041829e-02 1.368228246670842758e-02 1.605951467274839214e-02 1.849087061128073389e-02
0.000000000000000000e+00 1.372754436146648429e-03 3.281759828628134836e-03 5.444284290404458049e-03 7.761368894877263697e-03 1.018986714760957042e-02 1.271055703428834206e-02 1.530894904763185037e-02 1.797239020705576271e-02 2.069438986014784931e-02
0.000000000000000000e+00 1.466986906820169721e-03 3.583295462122180162e-03 5.982304741772152303e-03 8.554409523308374730e-03 1.125084210142103178e-02 1.404822987744968645e-02 1.692995601706838438e-02 1.988168967528925607e-02 2.289590040151686517e-02
0.000000000000000000e+00 1.613977908883401863e-03 4.057163840518805513e-03 6.824779857011884637e-03 9.777764310696601679e-03 1.286140390075158312e-02 1.605151428681600434e-02 1.933056899158284644e-02 2.268376297419186921e-02 2.610265967097877282e-02
0.000000000000000000e+00 1.767068792501262859e-03 4.537344981823209118e-03 7.662538234229064951e-03 1.099161774646693554e-02 1.446387777998056276e-02 1.804888476165700251e-02 2.172684442256343426e-02 2.548220818718950620e-02 2.930616662175463197e-02
0.000000000000000000e+00 2.010892233678867724e-03 5.298220986748269218e-03 8.974441819466699027e-03 1.285791239427181744e-02 1.688433204838168944e-02 2.102598442849688137e-02 2.526247890353873829e-02 2.957740751187347070e-02 3.396109538176719789e-02
0.000000000000000000e+00 2.260368496611688850e-03 6.063964969705610761e-03 1.027865768607651685e-02 1.471333261066941171e-02 1.929882241243009722e-02 2.399955619819870919e-02 2.879480395069011073e-02 3.366884430050228610e-02 3.861195949918704712e-02
0.000000000000000000e+00 2.663664507509369648e-03 7.282283263661176731e-03 1.231477793730760203e-02 1.755208604471196129e-02 2.292793830362900923e-02 2.841401313230708034e-02 3.398909113009699473e-02 3.963748789661810518e-02 4.534955537555018790e-02
0.000000000000000000e+00 3.071394250275761347e-03 8.504027541122593722e-03 1.434286018468783341e-02 2.038169903905444336e-02 2.655441507562886563e-02 3.282713404661805057e-02 3.918137293996989262e-02 4.560335567680779550e-02 5.208415789957460823e-02
0.000000000000000000e+00 3.736755900996596800e-03 1.045012255962265123e-02 1.749326896604951748e-02 2.468739082455474396e-02 3.198142878225287977e-02 3.935388778774304153e-02 4.678878870521635536e-02 5.427464851010064401e-02 6.180449200924224840e-02
0.000000000000000000e+00 4.404618354166773934e-03 1.239831305907497169e-02 2.063913371360467236e-02 2.898867960697588259e-02 3.740955928504108297e-02 4.588237515466066924e-02 5.439695988400959636e-02 6.294649934722987283e-02 7.152581033100724461e-02
0.000000000000000000e+00 5.500000000000001416e-03 1.550000000000000336e-02 2.550000000000000530e-02 3.550000000000000377e-02 4.550000000000000572e-02 5.550000000000000766e-02 6.550000000000000266e-02 7.550000000000001155e-02 8.550000000000002043e-02
