0.000000000000000000e+00 1.806448372606395125e-02 4.735645258725462714e-02 6.845606360935185819e-02 8.682506073613360797e-02 1.034945127850495084e-01 1.189462041234559120e-01 1.334588218081091959e-01 1.472131112983157131e-01 1.603351983906238232e-01
0.000000000000000000e+00 1.162420741363257015e-02 3.159946827831505711e-02 4.732951184161160452e-02 6.134369854165366842e-02 7.426685757239170904e-02 8.638757948080422189e-02 9.788768912186140980e-02 1.088785773995728512e-01 1.194386341225077697e-01
0.000000000000000000e+00 8.565268642350520878e-03 2.367445695984260468e-02 3.607539213179766779e-02 4.728475729940218031e-02 5.772458566693394744e-02 6.761175239631289635e-02 7.704766951010788567e-02 8.610883332359620113e-02 9.485700655929174552e-02
0.000000000000000000e+00 5.503344149207278768e-03 1.571675210333267625e-02 2.474299780789224190e-02 3.312897668161285392e-02 4.107032742813299109e-02 4.866881390865751555e-02 5.600151261272179326e-02 6.310512293853665078e-02 7.001178286395015604e-02
0.000000000000000000e+00 4.050789282564082328e-03 1.174718833853705124e-02 1.879506491201732299e-02 2.542976173152111663e-02 3.177254172074095440e-02 3.790948649040726259e-02 4.386598276745190539e-02 4.965857720180344437e-02 5.531585190482424252e-02
0.000000000000000000e+00 2.601791420920984699e-03 7.773393455781762995e-03 1.281673486749035362e-02 1.770732827086363148e-02 2.246469009552198859e-02 2.711343783578645805e-02 3.167174954219698080e-02 3.614512870834607483e-02 4.054733931095677590e-02
0.000000000000000000e+00 1.913099501111181766e-03 5.801817877921999766e-03 9.713468190512553058e-03 1.355399767727005766e-02 1.732144040257999063e-02 2.104292128475404589e-02 2.471959508913501580e-02 2.834118698204757258e-02 3.191757028021369180e-02
0.000000000000000000e+00 1.229483328309743939e-03 3.830984396162806505e-03 6.596260494438843658e-03 9.393104910024541176e-03 1.218600108687994954e-02 1.497833924294278418e-02 1.776095010273381902e-02 2.052279058943917711e-02 2.327288473203381614e-02
0.000000000000000000e+00 9.026875836288805743e-04 2.856225003905032978e-03 4.989794579333906022e-03 7.174962690204012006e-03 9.374738551422456823e-03 1.159213650716739430e-02 1.382092890877117952e-02 1.604527943753386587e-02 1.826778612996959872e-02
0.000000000000000000e+00 5.810669007724200696e-04 1.883550778055353980e-03 3.378197919177150510e-03 4.953816241825004241e-03 6.567164614550757840e-03 8.218585995781291231e-03 9.893622941111068769e-03 1.157415012311657776e-02 1.326542207828995679e-02
0.000000000000000000e+00 4.255884712989210783e-04 1.402552694873215877e-03 2.551101152841184216e-03 3.777066557500541322e-03 5.043215810801693344e-03 6.347017848099545390e-03 7.679378517075008403e-03 9.025139104196666651e-03 1.038666702649027052e-02
0.000000000000000000e+00 2.747538912681868339e-04 9.245512290176893799e-04 1.723249930498993443e-03 2.600282603450354557e-03 3.520412700163233488e-03 4.484173803062985186e-03 5.480064447844767983e-03 6.490867205407813145e-03 7.518815368898978946e-03
0.000000000000000000e+00 2.004866807399086071e-04 6.872106081041717829e-04 1.299080359664195328e-03 1.978966830742390215e-03 2.698694658720635076e-03 3.456730335398727760e-03 4.244807199855760160e-03 5.049267519263489490e-03 5.872836725940189240e-03
0.000000000000000000e+00 1.300081367408001398e-04 4.532831359755906675e-04 8.761564770420893211e-04 1.359394088054521887e-03 1.878596309179303425e-03 2.434955310144371055e-03 3.020529119461601297e-03 3.622018340595056785e-03 4.240836590107877058e-03
0.000000000000000000e+00 9.436641800730782847e-05 3.360408012660354160e-04 6.591676084504172195e-04 1.032588160712721859e-03 1.437341280458914738e-03 1.873511511070624636e-03 2.335419517426551295e-03 2.811858697166380594e-03 3.304852808416303134e-03
0.000000000000000000e+00 6.156420838776544002e-05 2.220262829414343386e-04 4.442221485767561262e-04 7.081294053763453888e-04 9.983354981708547626e-04 1.316591484235907217e-03 1.657752045920446449e-03 2.012129399768136651e-03 2.381208456323280487e-03
0.000000000000000000e+00 4.438362571657084032e-05 1.640220155725291562e-04 3.333758579301404623e-04 5.367866042591540321e-04 7.623265441436544165e-04 1.010928693487622709e-03 1.279312110780583822e-03 1.559203582500723329e-03 1.851912333489913465e-03
0.000000000000000000e+00 2.917141536540324154e-05 1.086633039417694846e-04 2.246718869209907155e-04 3.676798912735090852e-04 5.284994864678260740e-04 7.090602980888149887e-04 9.063182354405174834e-04 1.113367595651615360e-03 1.331540167825773224e-03
0.000000000000000000e+00 2.086432510739477664e-05 7.992992112071384270e-05 1.680997148494345339e-04 2.781005402493486045e-04 4.027695292411204164e-04 5.432663667090942283e-04 6.979248450025288264e-04 8.610452532706869277e-04 1.033575092939553741e-03
0.000000000000000000e+00 1.382662330695616504e-05 5.313541307649938261e-05 1.133669908198742249e-04 1.903340727171798363e-04 2.787706204585571612e-04 3.804293401712399714e-04 4.937172479873019881e-04 6.138660319896516171e-04 7.418526312370499198e-04
0.000000000000000000e+00 9.807298594011193416e-06 3.890266917627727139e-05 8.454254686229845106e-05 1.436399303980095965e-04 2.120408793722106111e-04 2.908248986226436017e-04 3.792729974081421318e-04 4.736044293021102192e-04 5.745544346524855683e-04
0.000000000000000000e+00 6.551452448988470678e-06 2.594723303495083400e-05 5.705276575795892313e-05 9.823434942202169395e-05 1.465545347002494836e-04 2.034000341628594555e-04 2.680641413232986991e-04 3.373708116867213391e-04 4.119709110366187588e-04
0.000000000000000000e+00 4.614195209473592740e-06 1.893422381715748060e-05 4.245584295758941806e-05 7.400405197888204611e-05 1.112445752889934525e-04 1.550781858576932848e-04 2.052961302656530762e-04 2.594587089173039374e-04 3.181128473526140255e-04
0.000000000000000000e+00 3.097195620749282341e-06 1.262335521756696721e-05 2.858660075633068232e-05 5.053009021915855215e-05 7.682842603684569838e-05 1.084503640800260627e-04 1.451642735288416475e-04 1.849141412155752562e-04 2.281237179986295160e-04
0.000000000000000000e+00 2.182589588839434214e-06 9.260674746602859386e-06 2.136289865273255373e-05 3.806764777469773264e-05 5.813137069643481425e-05 8.229658048586330210e-05 1.106012821541213498e-04 1.415145057266364859e-04 1.754075819087042021e-04
0.000000000000000000e+00 1.445569982605476866e-06 6.056261860010181408e-06 1.417253899660408933e-05 2.588237796297132576e-05 4.023614887560533759e-05 5.779350523571480380e-05 7.854482329805456686e-05 1.011893021978238494e-04 1.260160018958789152e-04
0.000000000000000000e+00 1.063598249029240606e-06 4.639771285730454053e-06 1.088230993240291156e-05 1.957300265065242684e-05 3.016135090549987297e-05 4.331325721440570931e-05 5.915906540243653922e-05 7.675552606745128514e-05 9.631127381237725160e-05
0.000000000000000000e+00 6.249190294127515699e-07 2.743573223273898520e-06 6.821219511898846122e-06 1.320075442778900765e-05 2.119676451783902849e-05 3.098393668143906154e-05 4.264486502836284387e-05 5.539155606459900127e-05 6.946236625271495768e-05
0.000000000000000000e+00 5.987553045594395940e-07 2.541792975985224246e-06 5.756054980987634906e-06 1.003856119430324156e-05 1.535022257959095526e-05 2.236973375291384514e-05 3.122720127191058737e-05 4.131814725183424741e-05 5.268755450194007039e-05
0.000000000000000000e+00 1.428784724977205656e-07 9.391346256215626909e-07 3.021608064091019230e-06 6.764326899277861571e-06 1.147443861926333852e-05 1.698880094713750566e-05 2.343576300400940227e-05 3.040585483837787706e-05 3.816458748295836756e-05
0.000000000000000000e+00 5.232826867374029689e-07 1.773406211436068247e-06 3.294811597998048569e-06 5.026622254100665543e-06 7.360058947636360926e-06 1.101599626052163217e-05 1.606416987209868807e-05 2.204075039591302243e-05 2.881746815353025681e-05
0.000000000000000000e+00 -2.932366374164274703e-07 -2.538759650283495262e-07 1.063172381909893716e-06 3.661306528401908622e-06 6.710443983370950605e-06 9.836456702050355716e-06 1.321276806098836687e-05 1.674688039643434934e-05 2.078698175167481565e-05
0.000000000000000000e+00 7.913616090204911302e-07 1.803651024756547372e-06 2.061615612225509153e-06 2.191346618163336757e-06 2.885809351149681845e-06 4.792055595004285351e-06 7.885674771390682736e-06 1.169913562693025710e-05 1.593960243839731561e-05
0.000000000000000000e+00 -9.195337101752798503e-07 -1.325309700872523422e-06 1.969264282752902773e-07 2.445045883203711412e-06 4.560509210937979674e-06 6.248306021694460810e-06 7.728539827223102066e-06 9.183681205948701631e-06 1.104888688918670425e-05
0.000000000000000000e+00 1.502389187835184714e-06 2.432609321312284578e-06 1.198208318120563831e-06 2.678906790842816577e-07 2.635256479699421561e-07 1.414151931555807096e-06 3.615636044784764636e-06 6.333247790202278793e-06 9.168412425708538649e-06
0.000000000000000000e+00 -1.985860238251646592e-06 -2.571681854357521502e-06 2.056457226728980459e-07 2.425579084919249340e-06 3.716327446778855403e-06 4.382670059976945254e-06 4.640551368284562272e-06 4.862767209345975061e-06 5.505431099450674992e-06
0.000000000000000000e+00 2.862601658271124450e-06 3.628847956238523409e-06 1.029900227322855244e-07 -1.446125588056013100e-06 -1.296457252220051259e-06 -2.455039642690337587e-07 1.627813852822512786e-06 3.771354521120429126e-06 5.795201289959805990e-06
0.000000000000000000e+00 -3.774633157593854094e-06 -4.200334914772341222e-06 1.151508255747835108e-06 3.298093036896432295e-06 3.433793472451540651e-06 3.209766320511064919e-06 2.680682379629928391e-06 2.244087843994435616e-06 2.265315369953668778e-06
0.000000000000000000e+00 5.145087529578873387e-06 5.455264086462463524e-06 -1.681976118939054743e-06 -3.362475135104681101e-06 -2.175622564104529033e-06 -7.615339117084118925e-07 1.054364295649534711e-06 2.853590984841503086e-06 4.375688269053767954e-06
0.000000000000000000e+00 -6.575999138558330515e-06 -6.387310171884763577e-06 3.186112530917384333e-06 4.961443382911490119e-06 3.355306946950520341e-06 2.225899058405644837e-06 1.192717427711542655e-06 4.754191544886765541e-07 2.643645966582397477e-07
0.000000000000000000e+00 8.637103708797333468e-06 8.048897581103275911e-06 -4.464910966506252521e-06 -5.764441983080459408e-06 -2.657183374887850391e-06 -5.003644625301006954e-07 1.445550703804698855e-06 3.039504647972535167e-06 4.209078889427786407e-06
0.000000000000000000e+00 -1.063692340963484639e-05 -9.322380161824739275e-06 6.396016759335765300e-06 7.453188105577268630e-06 3.463289024785431991e-06 1.293966904292176423e-06 -1.542095884321526000e-07 -9.408432350976880798e-07 -1.065988915804894077e-06
0.000000000000000000e+00 1.359640767883973922e-05 1.163886425825655380e-05 -8.375527979054275818e-06 -8.926366906192306772e-06 -3.085154694382197249e-06 2.581809606105878174e-07 2.627924690079552761e-06 4.150218130938299055e-06 4.959866189313544282e-06
0.000000000000000000e+00 -1.612492211211513649e-05 -1.325391203166326193e-05 1.073072279866860157e-05 1.094783430488632803e-05 3.998480124334236052e-06 4.755872289319285073e-07 -1.508232001290465973e-06 -2.203396116673417282e-06 -1.842625024561783675e-06
0.000000000000000000e+00 2.027116488900748692e-05 1.658853914943136942e-05 -1.343615087590066537e-05 -1.320009647498565641e-05 -3.804194747103473162e-06 1.372491555962085386e-06 4.588876115763085295e-06 6.090441221351383660e-06 6.376515575334806840e-06
0.000000000000000000e+00 -2.316283462078239097e-05 -1.852806445701293825e-05 1.609411936664972842e-05 1.575937966713514271e-05 5.245776761864107129e-06 -1.072486051079124536e-07 -2.763439706399140050e-06 -3.047206593942419772e-06 -1.706741278972856435e-06
0.000000000000000000e+00 2.905272549647008873e-05 2.344100483109290423e-05 -1.983227259660935715e-05 -1.904681282638431838e-05 -4.932018738523780144e-06 2.880598125587496838e-06 7.265461945404894095e-06 8.627277823691770209e-06 8.296242395733344210e-06
0.000000000000000000e+00 -3.197580462022120429e-05 -2.559995604844989003e-05 2.258814964928301805e-05 2.231799230612008245e-05 7.374753927757993210e-06 -1.742536366311497886e-07 -3.278078291479857853e-06 -2.635410173423835545e-06 1.879284616812526565e-08
0.000000000000000000e+00 4.081648584897124010e-05 3.293136482285241584e-05 -2.832141714748104278e-05 -2.703730249042912703e-05 -6.313869362895019322e-06 4.801810483900936788e-06 1.035866734211410289e-05 1.156900936916116507e-05 1.099564130235819448e-05
0.000000000000000000e+00 -4.313862810034763129e-05 -3.497186686018949331e-05 3.070387140013952632e-05 3.117981049149953776e-05 1.079678846138687476e-05 1.228916827411552504e-06 -1.681145709087061846e-06 2.079416590028415612e-07 4.150571120131729685e-06
0.000000000000000000e+00 4.920171530475858646e-05 3.955850713366348970e-05 -3.446765559256270706e-05 -3.235315602601041007e-05 -6.964551890975556603e-06 5.694086429031131047e-06 1.166437157640309863e-05 1.323398543107145997e-05 1.350121956322780647e-05
0.000000000000000000e+00 -4.950867802466785150e-05 -4.047812685281648726e-05 3.516800301373024240e-05 3.679738121542541762e-05 1.472598168050787137e-05 5.524306664339562190e-06 3.476704142135744746e-06 5.936618728386022781e-06 1.013007887662453754e-05
0.000000000000000000e+00 5.536657710614178995e-05 4.724457140747873041e-05 -3.506401649366885920e-05 -3.625898423886830813e-05 -1.008661133328203618e-05 3.768472616849649626e-06 1.158349642826905779e-05 1.560227049646201181e-05 1.860903145556314087e-05
0.000000000000000000e+00 -5.276891916883297284e-05 -4.620856064441181132e-05 3.362747442325897396e-05 4.128854165852402502e-05 2.315259487084553314e-05 1.566115408735413439e-05 1.373587819175625668e-05 1.551894690066113469e-05 1.917318509159215978e-05
0.000000000000000000e+00 5.348538079519293831e-05 5.051051287785490729e-05 -2.616316067260981981e-05 -3.373794593719559032e-05 -1.413835984354072650e-05 -1.198437098670623868e-06 9.483265091869697017e-06 1.817771193945993957e-05 2.598829234390365173e-05
0.000000000000000000e+00 -4.823627849059874961e-05 -4.686941296860869244e-05 2.422572838978176435e-05 4.044727833374395232e-05 3.342631555747210825e-05 3.065357876330665476e-05 2.924144626459401763e-05 2.956504864859432757e-05 3.206756690099510365e-05
0.000000000000000000e+00 4.571788408003207849e-05 4.947752919526315907e-05 -1.121172599116704305e-05 -2.507143638985631640e-05 -1.612881712076408292e-05 -5.801065563026952532e-06 7.889706865604750874e-06 2.256186831539608306e-05 3.666983212502472611e-05
0.000000000000000000e+00 -3.886775820904908585e-05 -4.290696468345345238e-05 1.197396609020628944e-05 3.608988720404937567e-05 4.327913206281230885e-05 4.779963737444603566e-05 4.889335376057069027e-05 4.894175479908113857e-05 5.109920636403586514e-05
0.000000000000000000e+00 3.518532145430075531e-05 4.517030915551778492e-05 5.311183265188645919e-06 -1.156843851735089856e-05 -1.255572410308047893e-05 -5.142268097113600334e-06 1.085356652130720079e-05 3.126442095746639893e-05 5.220304439301770572e-05
0.000000000000000000e+00 -2.784110248943427735e-05 -3.538786779089253542e-05 1.934537603442976206e-06 3.115342096471351852e-05 5.152375271966214143e-05 6.480724738411325347e-05 7.151386946513405007e-05 7.462008850755985634e-05 7.908057467553852860e-05
0.000000000000000000e+00 2.478274589334805711e-05 3.921007361751271958e-05 2.003067179767725747e-05 5.176668891992974864e-06 -9.902933344463349385e-07 5.214769519756856653e-06 2.310617091283440061e-05 4.821051496373129908e-05 7.570862290395830030e-05
0.000000000000000000e+00 -1.755722326468589500e-05 -2.556865158898080637e-05 -2.295101324323312042e-06 2.906844751882076139e-05 5.934196111301304200e-05 8.181245939686832003e-05 9.738223401267731560e-05 1.080923111984599672e-04 1.191046590347522027e-04
0.000000000000000000e+00 1.644156049729339486e-05 3.345390282660787307e-05 3.185635500302375078e-05 2.422347698316507092e-05 1.968645827932213876e-05 2.829950311422635423e-05 4.918785780527734630e-05 7.868248540821021209e-05 1.126459544618096942e-04
0.000000000000000000e+00 -9.194265957468417128e-06 -1.443268249112783508e-05 1.067906642671090367e-06 3.324745729282874152e-05 7.038062847675163880e-05 1.022444192504412541e-04 1.295695132321750265e-04 1.525540616631460011e-04 1.752109769705967324e-04
0.000000000000000000e+00 1.100438689638494338e-05 2.971906910920196765e-05 4.211565397804761801e-05 4.608649667958708562e-05 5.022611553839873011e-05 6.626201559511990524e-05 9.341344632973758166e-05 1.291150306439448059e-04 1.709566706871168407e-04
0.000000000000000000e+00 -2.795251046405766715e-06 -2.298647528764519166e-06 1.265031167041463789e-05 4.701157059461280596e-05 9.024303166516034480e-05 1.326685092875035110e-04 1.746140769172122020e-04 2.142863731384725412e-04 2.539585792471488190e-04
0.000000000000000000e+00 8.556629130018755802e-06 2.970911416033672481e-05 5.405797518420740744e-05 7.327014069935522400e-05 9.251148457645186340e-05 1.219775640080023038e-04 1.609234950734617087e-04 2.074749762550620602e-04 2.611753341854594623e-04
0.000000000000000000e+00 2.370542742990977558e-06 1.145861730089681174e-05 3.313266256732561033e-05 7.406587490477178903e-05 1.261055665351396016e-04 1.823752009402213048e-04 2.427729475431572581e-04 3.038575434348711468e-04 3.663347945659367610e-04
0.000000000000000000e+00 8.931824776459151849e-06 3.519764306325612324e-05 7.232110171795369524e-05 1.106461179314344179e-04 1.511236742759436424e-04 2.010816267008497249e-04 2.595579186903673730e-04 3.245939598075509025e-04 3.972873599713544479e-04
0.000000000000000000e+00 7.463651313099894935e-06 2.862533232883546219e-05 6.456458500903039521e-05 1.194927819023750004e-04 1.870027909807170374e-04 2.635018373280395565e-04 3.484716743029636632e-04 4.372812904342993079e-04 5.296888975341307315e-04
0.000000000000000000e+00 1.217545624843108243e-05 4.847218746750758811e-05 1.028542198300286259e-04 1.659344151232478026e-04 2.348040646671378795e-04 3.140563345056524014e-04 4.022160756393944325e-04 4.964557755755549806e-04 5.987679226768793939e-04
0.000000000000000000e+00 1.392967128788225040e-05 5.243325499471040985e-05 1.115947053620391927e-04 1.912084723092455363e-04 2.850773898444014520e-04 3.922056704519505388e-04 5.115703250149206127e-04 6.376313248170895065e-04 7.699018977085358983e-04
0.000000000000000000e+00 1.890464217291221161e-05 7.303333469965700431e-05 1.535625412936170164e-04 2.506197135876409021e-04 3.579929989618868547e-04 4.784109582798290461e-04 6.096272356219678556e-04 7.473667634152469930e-04 8.939145892195021759e-04
0.000000000000000000e+00 2.361111805582183365e-05 8.808982693231381944e-05 1.827461059991097869e-04 3.019148594289866594e-04 4.379000429666213279e-04 5.911500022277582644e-04 7.599096689121509485e-04 9.377228570015549991e-04 1.124392740944335500e-03
0.000000000000000000e+00 3.063148891702116572e-05 1.145969647982081341e-04 2.357743527032774011e-04 3.816570040895417293e-04 5.429223300468244418e-04 7.213844601121621736e-04 9.138033703830483745e-04 1.114124386668358113e-03 1.324543784084974973e-03
0.000000000000000000e+00 3.911714272586408470e-05 1.437667987850277385e-04 2.921111287326194628e-04 4.717523394535128034e-04 6.719433094275473195e-04 8.934657819059665940e-04 1.133510611162513726e-03 1.384473395110497052e-03 1.646731123896350013e-03
0.000000000000000000e+00 5.018773992804259620e-05 1.825519754534710160e-04 3.666397292017009590e-04 5.843514510863734301e-04 8.229131169055214912e-04 1.083870389162688852e-03 1.362765148745559429e-03 1.651603589743810829e-03 1.952343673689682646e-03
0.000000000000000000e+00 6.447791069030817113e-05 2.323159298507349035e-04 4.619849393776576107e-04 7.320827255576922710e-04 1.027482364656995273e-03 1.348473421846740905e-03 1.690861002595411833e-03 2.045591696825388439e-03 2.413692980703263657e-03
0.000000000000000000e+00 8.242221538312666240e-05 2.921734950604992775e-04 5.727488862896645827e-04 8.969020776241620752e-04 1.247629395614069381e-03 1.626433886127376383e-03 2.027401382137528074e-03 2.440530212279412581e-03 2.867554959955942451e-03
0.000000000000000000e+00 1.061949202731948816e-04 3.740981299937828908e-04 7.270819460141186852e-04 1.131092512163700547e-03 1.565546107447302049e-03 2.029780006905124168e-03 2.517965952544720665e-03 3.019389233323677146e-03 3.535689811321907072e-03
0.000000000000000000e+00 1.353879990035888881e-04 4.680918240955733722e-04 8.955618836292700280e-04 1.377324119918199585e-03 1.891177613556394022e-03 2.438448802438042406e-03 3.011581464517743001e-03 3.598592481585338732e-03 4.201103564469121920e-03
0.000000000000000000e+00 1.749243330337879598e-04 6.015306073025028510e-04 1.141184824602348158e-03 1.742227547844032998e-03 2.377993835016134483e-03 3.046842938215332808e-03 3.741242563651603348e-03 4.448806494552703938e-03 5.171745539678695991e-03
0.000000000000000000e+00 2.223369021482346497e-04 7.498072524975141206e-04 1.399649029320881866e-03 2.113838686626845487e-03 2.864226451082529934e-03 3.651655904664652397e-03 4.466977697481278042e-03 5.296461114860484543e-03 6.141754413395483780e-03
0.000000000000000000e+00 2.882065147689072404e-04 9.663182769104050607e-04 1.787448164358718117e-03 2.676909147354855634e-03 3.602327617790557213e-03 4.561653109788732507e-03 5.545870452339451973e-03 6.541248314851921819e-03 7.550698133498956466e-03
0.000000000000000000e+00 3.650321714578907972e-04 1.200486926195121207e-03 2.185282299144164497e-03 3.240366029277907955e-03 4.331829381215568375e-03 5.459942212993729171e-03 6.614545212792366513e-03 7.780723996924754360e-03 8.960271333692038098e-03
0.000000000000000000e+00 4.749208639727164893e-04 1.550904269052244544e-03 2.794188751048531927e-03 4.103609047917178287e-03 5.443487984006623037e-03 6.812822023223752410e-03 8.201890048082027818e-03 9.596595535661167631e-03 1.100098700447627031e-02
0.000000000000000000e+00 5.992227040132469540e-04 1.920978017166841134e-03 3.407661494685187975e-03 4.959526707012162916e-03 6.539425411583144054e-03 8.147910116301337879e-03 9.775213411076899561e-03 1.140621261799190655e-02 1.304324988190108670e-02
0.000000000000000000e+00 7.825718999704411871e-04 2.486555135168488917e-03 4.358921215213751310e-03 6.276234550958381675e-03 8.205651628825805233e-03 1.015013845931478365e-02 1.210128724730741290e-02 1.404663110280379712e-02 1.599178883491703118e-02
0.000000000000000000e+00 9.836658546026333383e-04 3.072045682231960839e-03 5.306091995300299402e-03 7.576612626229994873e-03 9.850592540037617084e-03 1.213171108705468626e-02 1.441299683319008373e-02 1.668110791018140304e-02 1.894052949852720324e-02
0.000000000000000000e+00 1.289212711478970874e-03 3.981859803912524143e-03 6.784730592034327046e-03 9.575933708634076780e-03 1.233805408909716128e-02 1.508381525239266274e-02 1.781033429895750864e-02 2.050942768405894512e-02 2.318856935327584523e-02
0.000000000000000000e+00 1.614961406227410912e-03 4.909448396137161552e-03 8.247852694880819513e-03 1.154936966564945600e-02 1.480132133521006033e-02 1.801639333862814496e-02 2.119487312334489282e-02 2.432982473484379682e-02 2.743057196365206174e-02
0.000000000000000000e+00 2.122956415513521655e-03 6.367501578931622497e-03 1.053484052611453059e-02 1.457191224098797200e-02 1.850039743218934163e-02 2.235402891651405710e-02 2.614160449883207171e-02 2.986236010569531807e-02 3.352780426536150493e-02
0.000000000000000000e+00 2.651860560034080549e-03 7.838799824217423939e-03 1.279346183212592969e-02 1.755997285128230168e-02 2.217632878446096356e-02 2.667512545984518368e-02 3.107373067074536976e-02 3.537882775889533704e-02 3.960686942228552887e-02
0.000000000000000000e+00 3.493869277338190749e-03 1.016618007558545145e-02 1.631317803442144942e-02 2.210867851950459873e-02 2.765528626285518321e-02 3.302624091017980490e-02 3.824968129449879406e-02 4.333934470372113879e-02 4.831638659961812188e-02
0.000000000000000000e+00 4.354939646833311251e-03 1.250049158391464132e-02 1.979263001906139685e-02 2.661682507783713625e-02 3.311375402979122029e-02 3.935806443312550584e-02 4.540017673027030298e-02 5.126783348806251972e-02 5.698872899907647671e-02
0.000000000000000000e+00 5.745938861681065823e-03 1.620054920130797882e-02 2.518083585818842174e-02 3.342864255687594266e-02 4.119432190177740871e-02 4.861574863232642763e-02 5.575637544624334474e-02 6.265770831792494278e-02 6.935724607362647731e-02
0.000000000000000000e+00 7.150998716504930464e-03 1.989937699233723656e-02 3.052132124321738083e-02 4.019466961337747613e-02 4.924793385888226460e-02 5.783732085972181913e-02 6.606390250439364564e-02 7.398830874620276887e-02 8.165829989353867724e-02
0.000000000000000000e+00 9.441218537248996512e-03 2.575655954464561859e-02 3.872153255797416982e-02 5.033769153425637910e-02 6.109834296229577077e-02 7.124623259535489694e-02 8.090930216675440434e-02 9.017173117948318328e-02 9.909842470615282117e-02
0.000000000000000000e+00 1.173674374437294610e-02 3.159870164824563066e-02 4.686869320889042179e-02 6.042056202948242749e-02 7.289371306553715790e-02 8.458151135280278510e-02 9.566097132318640561e-02 1.062462407412012588e-01 1.164162759993747631e-01
0.000000000000000000e+00 1.549456379141067597e-02 4.082302329604559077e-02 5.926495669673115252e-02 7.541605322120559229e-02 9.014193323831620752e-02 1.038466904697399329e-01 1.167639405311193812e-01 1.290451399168317526e-01 1.407959476343991767e-01
