1.000000000000000000e+00 1.000000000000000000e+01 1.000000000000000000e+01 1.000000000000000000e+01 1.000000000000000000e+01 1.000000000000000000e+01 1.000000000000000000e+01 1.000000000000000000e+01 1.000000000000000000e+01
1.000000000000000000e+00 6.777000730123110550e+00 7.294889838529381443e+00 7.476856549381777128e+00 7.614861850144116318e+00 7.687819605970013015e+00 7.769957275512654249e+00 7.814932879170584989e+00 7.875890573351424173e+00
1.000000000000000000e+00 5.251759316827569357e+00 5.809394554255949750e+00 6.034918349694150308e+00 6.191325162589185638e+00 6.293186901235725550e+00 6.396042203698295125e+00 6.454316183752377256e+00 6.529166540918059702e+00
1.000000000000000000e+00 3.728618616584006951e+00 4.325980421680683641e+00 4.588609973377745455e+00 4.782003278825103010e+00 4.900194316728811117e+00 5.019131121433186848e+00 5.098552946804464803e+00 5.185477001264080066e+00
1.000000000000000000e+00 3.007304635194484987e+00 3.530822702617494979e+00 3.779401972986613512e+00 3.951199755726801488e+00 4.073036725007993297e+00 4.189817581484427400e+00 4.267015288260185280e+00 4.349618269212831123e+00
1.000000000000000000e+00 2.288558852465489402e+00 2.734786368918831201e+00 2.964714944245212092e+00 3.134114270589038576e+00 3.248426199750657606e+00 3.358350491730114573e+00 3.436290684084473579e+00 3.517515520301179421e+00
1.000000000000000000e+00 1.947227763653793575e+00 2.316711272884083073e+00 2.516183112976918324e+00 2.659414855579271375e+00 2.762974264028335902e+00 2.864320234626036132e+00 2.935834514062367173e+00 3.007604647672495357e+00
1.000000000000000000e+00 1.608590892642404180e+00 1.895910734177348678e+00 2.065050235869651640e+00 2.190871250974823603e+00 2.282329228171265267e+00 2.371207974012822461e+00 2.434199653278345199e+00 2.498981535647208485e+00
1.000000000000000000e+00 1.446771804377296355e+00 1.678947512596473679e+00 1.818687797385359239e+00 1.924329818404083792e+00 2.001454286747341271e+00 2.079180160262746657e+00 2.135635232129604155e+00 2.192170737195679120e+00
1.000000000000000000e+00 1.287554902760776443e+00 1.459060834670632634e+00 1.572295352948444247e+00 1.658598112676918257e+00 1.723972468393428548e+00 1.790594384342090617e+00 1.837466550362363948e+00 1.885120541741827305e+00
1.000000000000000000e+00 1.210600093839106384e+00 1.347514811691849390e+00 1.438307757637787843e+00 1.510364784263175997e+00 1.563835940275385639e+00 1.619916370270725103e+00 1.660299620745234073e+00 1.701841643114937908e+00
1.000000000000000000e+00 1.135952562939632093e+00 1.233733304079859039e+00 1.305076956323184101e+00 1.361539253121533344e+00 1.405140270669889224e+00 1.452166232510346378e+00 1.485269776228999250e+00 1.518975890968390585e+00
1.000000000000000000e+00 1.099201145259708579e+00 1.176751599969249940e+00 1.232933852063678115e+00 1.279580986002984977e+00 1.314754535361007948e+00 1.353674858143101067e+00 1.381169519442821292e+00 1.409930718871096778e+00
1.000000000000000000e+00 1.064326502585861922e+00 1.118388448832793536e+00 1.161487344897179197e+00 1.197136854142622608e+00 1.224979741377883347e+00 1.256776025314628065e+00 1.279060706705180239e+00 1.302215803418336426e+00
1.000000000000000000e+00 1.046690758726290138e+00 1.089402844684246752e+00 1.122965372446400600e+00 1.152114226283726284e+00 1.174313395368866253e+00 1.200408666401906688e+00 1.218668752041858871e+00 1.237850997743160208e+00
1.000000000000000000e+00 1.030460448228662562e+00 1.059705165751215761e+00 1.084955617498439606e+00 1.106816679761700728e+00 1.124052553052427905e+00 1.144916341730128462e+00 1.159407366891116675e+00 1.174762018351729997e+00
1.000000000000000000e+00 1.021959775799243797e+00 1.044999452988222721e+00 1.064513847333646179e+00 1.082269597353814117e+00 1.095843090910462170e+00 1.112805506185114313e+00 1.124675920759638625e+00 1.137191916861022056e+00
1.000000000000000000e+00 1.014433115558548204e+00 1.030000190961977147e+00 1.044450562886430234e+00 1.057541218207554978e+00 1.067945813968170787e+00 1.081312272193326152e+00 1.090552549722150877e+00 1.100412442024781612e+00
1.000000000000000000e+00 1.010322990875979654e+00 1.022550446100344512e+00 1.033655816394736915e+00 1.044255082404590640e+00 1.052355089403128385e+00 1.063098084442230862e+00 1.070655521896345830e+00 1.078656726127934284e+00
1.000000000000000000e+00 1.006840945957044875e+00 1.015026156671846813e+00 1.023141249382249152e+00 1.030835033902055331e+00 1.036983877109121321e+00 1.045367121889189566e+00 1.051188798744703723e+00 1.057377364188736291e+00
1.000000000000000000e+00 1.004852312427878980e+00 1.011258423788482519e+00 1.017469242977044441e+00 1.023685406484348581e+00 1.028425012879600420e+00 1.035083527085215449e+00 1.039812836149847541e+00 1.044819189264478476e+00
1.000000000000000000e+00 1.003241428216711695e+00 1.007500763198833749e+00 1.011987955430335040e+00 1.016450024934809848e+00 1.020020846228841593e+00 1.025179278706234820e+00 1.028808748568384557e+00 1.032626872719985434e+00
1.000000000000000000e+00 1.002282939781502069e+00 1.005609103992406883e+00 1.009030630588692024e+00 1.012610154384488537e+00 1.015335871774569743e+00 1.019386866300519667e+00 1.022310167135843217e+00 1.025386173268688861e+00
1.000000000000000000e+00 1.001532381412955086e+00 1.003722495914486812e+00 1.006175560163671934e+00 1.008751244681338699e+00 1.010796705030202913e+00 1.013916890782873725e+00 1.016152024238494933e+00 1.018466709328118558e+00
1.000000000000000000e+00 1.001079866741684476e+00 1.002803828995637803e+00 1.004657143671050301e+00 1.006664337296250711e+00 1.008207233114321477e+00 1.010634000888487094e+00 1.012430901067175482e+00 1.014301920586765160e+00
1.000000000000000000e+00 1.000715215775439537e+00 1.001818801361848088e+00 1.003159061500420002e+00 1.004668226309606727e+00 1.005826026064552625e+00 1.007679755055007176e+00 1.009029128199882441e+00 1.010398930252311978e+00
1.000000000000000000e+00 1.000526229891276708e+00 1.001429141198026063e+00 1.002399548129464302e+00 1.003463776237439209e+00 1.004328232756568795e+00 1.005771488518733880e+00 1.006886452234672769e+00 1.008028905456034519e+00
1.000000000000000000e+00 1.000309187249760701e+00 1.000848335649285881e+00 1.001607039074196237e+00 1.002541503167115877e+00 1.003183091452067854e+00 1.004252117669903299e+00 1.005031008886424715e+00 1.005809555154701052e+00
1.000000000000000000e+00 1.000296242385504630e+00 1.000769816015250724e+00 1.001224851879065403e+00 1.001714100148715758e+00 1.002206565375197034e+00 1.003080634155236073e+00 1.003803421291895148e+00 1.004518439791283413e+00
1.000000000000000000e+00 1.000070691068351003e+00 1.000348254487083421e+00 1.000836737181003855e+00 1.001476644778149794e+00 1.001806809847268553e+00 1.002378463224529170e+00 1.002777550401795725e+00 1.003188559319456719e+00
1.000000000000000000e+00 1.000258901267034650e+00 1.000451128812454238e+00 1.000576654413152911e+00 1.000723422143114938e+00 1.001033978944172897e+00 1.001605735171125389e+00 1.002121894333003915e+00 1.002589850208341904e+00
1.000000000000000000e+00 9.998549172080671843e-01 1.000113273732549990e+00 1.000513623002319274e+00 1.000982666096981610e+00 1.001106033020817243e+00 1.001346541843902482e+00 1.001484713963940898e+00 1.001674585390618377e+00
1.000000000000000000e+00 1.000391537021047217e+00 1.000247704437731366e+00 1.000142282171179176e+00 1.000140255887441487e+00 1.000388373602979497e+00 1.000823455154370656e+00 1.001240728866467311e+00 1.001559303859984817e+00
1.000000000000000000e+00 9.995450483711738610e-01 1.000093375166068999e+00 1.000489669213275867e+00 1.000770608163686903e+00 1.000739413059486882e+00 1.000751894742690107e+00 1.000717326028718102e+00 1.000788554363129856e+00
1.000000000000000000e+00 1.000743327880617928e+00 9.999796572190283728e-01 9.997342666754713836e-01 9.998115479756933821e-01 1.000065601132263726e+00 1.000450103639506150e+00 1.000811447964171874e+00 1.001025027963887037e+00
1.000000000000000000e+00 9.990174694304310155e-01 1.000345389625448611e+00 1.000712175763931011e+00 1.000647871919809306e+00 1.000499116480842332e+00 1.000368417447425218e+00 1.000245431058702783e+00 1.000271813701847368e+00
1.000000000000000000e+00 1.001416312598729208e+00 9.994634259088557293e-01 9.992347415511543263e-01 9.996966677813982072e-01 9.999784482974748423e-01 1.000329269468222204e+00 1.000626127205803018e+00 1.000752528870776592e+00
1.000000000000000000e+00 9.981324516965528471e-01 1.000996799234380452e+00 1.001169690654371447e+00 1.000476689058077406e+00 1.000257771105812488e+00 1.000076448342404944e+00 9.999516409054270971e-01 9.999810750095849965e-01
1.000000000000000000e+00 1.002545606950325796e+00 9.985076587299271944e-01 9.985700531829264648e-01 9.998004800865784025e-01 1.000090061211849957e+00 1.000371958137381778e+00 1.000569122589403559e+00 1.000618498742217533e+00
1.000000000000000000e+00 9.967464433468924412e-01 1.002196868265819774e+00 1.001863729074618403e+00 1.000176596012648300e+00 9.999500557718818960e-01 9.998144873622328843e-01 9.997619407398720126e-01 9.998246298585027336e-01
1.000000000000000000e+00 1.004273338517508440e+00 9.969461427092023431e-01 9.976908180185932729e-01 1.000113907052020856e+00 1.000372811555956920e+00 1.000537675450297481e+00 1.000603549107869084e+00 1.000573160098074954e+00
1.000000000000000000e+00 9.947372592014346315e-01 1.004052887443583009e+00 1.002807098289189458e+00 9.997450292934215721e-01 9.995607111333099093e-01 9.995358229288493490e-01 9.996055023954103502e-01 9.997437191306984827e-01
1.000000000000000000e+00 1.006727042449367504e+00 9.946822490338984579e-01 9.965389149603252061e-01 1.000578547281840480e+00 1.000801439407496440e+00 1.000839400148166858e+00 1.000748608636897963e+00 1.000594727152925856e+00
1.000000000000000000e+00 9.920220252267545336e-01 1.006578431715603017e+00 1.004051927004446343e+00 9.992535020765275222e-01 9.990940035185493784e-01 9.991845084797299492e-01 9.994286049098659586e-01 9.997309328057405464e-01
1.000000000000000000e+00 1.010029512167366361e+00 9.916935856342615763e-01 9.949928175547979592e-01 1.001117958324140522e+00 1.001382535060076906e+00 1.001327295804761430e+00 1.001021045249078867e+00 1.000643818425837273e+00
1.000000000000000000e+00 9.885399749805144909e-01 1.009702294321783489e+00 1.005740843987453115e+00 9.987719950921597478e-01 9.985379857508378532e-01 9.987294342143882009e-01 9.992536532583766729e-01 9.998444868745191005e-01
1.000000000000000000e+00 1.014374390821144001e+00 9.879300225891949339e-01 9.928109228978838630e-01 1.001757980172719664e+00 1.002171693214351400e+00 1.002026552142517346e+00 1.001367681793381204e+00 1.000682091035770549e+00
1.000000000000000000e+00 9.841797307286227481e-01 1.013382696784411507e+00 1.008126758512658316e+00 9.982643852686716723e-01 9.978837258213816286e-01 9.982411255265668526e-01 9.992193144736317700e-01 1.000127998785410144e+00
1.000000000000000000e+00 1.020194827165029405e+00 9.830420929888675774e-01 9.896740694901080548e-01 1.002704899250338455e+00 1.003240071634975417e+00 1.002865733969773077e+00 1.001709191180393477e+00 1.000790488458783933e+00
1.000000000000000000e+00 9.786569315425535098e-01 1.017839356348170021e+00 1.011432150845325229e+00 9.976753746370859988e-01 9.972010730210322249e-01 9.979525471826816707e-01 9.994244636497258139e-01 1.000544234923666842e+00
1.000000000000000000e+00 1.028440669697089360e+00 9.758759062236127546e-01 9.854408714389899515e-01 1.004232770913376482e+00 1.004576475095196431e+00 1.003744482232313162e+00 1.002183673969506028e+00 1.001178626810073524e+00
1.000000000000000000e+00 9.713827774625514166e-01 1.023884761240413832e+00 1.015574598342754209e+00 9.971379083597732285e-01 9.968422583625405897e-01 9.980446962792062227e-01 9.998053705984885076e-01 1.001013580736779929e+00
1.000000000000000000e+00 1.032004282004249651e+00 9.744309097291948829e-01 9.831615258217848430e-01 1.003687058107218144e+00 1.004494214308860212e+00 1.004018815915639351e+00 1.002834735449858128e+00 1.002153830671151935e+00
1.000000000000000000e+00 9.694983097621956425e-01 1.023686026836588825e+00 1.017298109580853316e+00 9.991404569747133202e-01 9.983705757258027891e-01 9.990271780497073095e-01 1.000245355516969026e+00 1.001193277582684615e+00
1.000000000000000000e+00 1.030916850763333947e+00 9.781154610121119974e-01 9.835375706829621034e-01 1.001215704616827962e+00 1.002907611886288963e+00 1.003753762266459404e+00 1.003826027135544807e+00 1.003804927077711628e+00
1.000000000000000000e+00 9.721182442949305447e-01 1.018975304026076056e+00 1.016468986243732830e+00 1.002938900909257525e+00 1.001507085965243293e+00 1.001003580531413473e+00 1.000933651027440252e+00 1.001382113110381056e+00
1.000000000000000000e+00 1.026426839263155699e+00 9.849368645301986858e-01 9.863550440046394696e-01 9.980928436329843390e-01 1.000606774276599609e+00 1.003103858724977204e+00 1.004994560948089699e+00 1.005937940841963973e+00
1.000000000000000000e+00 9.775334135963218429e-01 1.012318572316629695e+00 1.013817432954892128e+00 1.007090254803379548e+00 1.005370911494276376e+00 1.003889806526219397e+00 1.002400806806859945e+00 1.002182554628117783e+00
1.000000000000000000e+00 1.020338512735632808e+00 9.925063890050093152e-01 9.907834284412323500e-01 9.959039917125028785e-01 9.987897911527283679e-01 1.002571884720715456e+00 1.006140466107977804e+00 1.008229572465129786e+00
1.000000000000000000e+00 9.839070550164994433e-01 1.006134054190965577e+00 1.010502048777405459e+00 1.010407091624564879e+00 1.009046714017991730e+00 1.007389282177337586e+00 1.005078650704921861e+00 1.004306270127067746e+00
1.000000000000000000e+00 1.014325364389926154e+00 9.989961929691011377e-01 9.958622600385832468e-01 9.957438080047990026e-01 9.985317058432343629e-01 1.002902706096835628e+00 1.007458228902151198e+00 1.010582813704126171e+00
1.000000000000000000e+00 9.898513955010344034e-01 1.001988385318009600e+00 1.007697023987510043e+00 1.012514722212706664e+00 1.012097124749795629e+00 1.011239581179294023e+00 1.009111960308166411e+00 1.008245175103250846e+00
1.000000000000000000e+00 1.009503818949413656e+00 1.003635167252955540e+00 1.000881201007348675e+00 9.979850732605815011e-01 1.000456196151693566e+00 1.004857269001851794e+00 1.009594843333667002e+00 1.013423470282914796e+00
1.000000000000000000e+00 9.946854230980831657e-01 1.000438358093572289e+00 1.006338903284150987e+00 1.013890476320855383e+00 1.014777328432217240e+00 1.015499934865527587e+00 1.014522388863582592e+00 1.014223351684364838e+00
1.000000000000000000e+00 1.006360924357861730e+00 1.006669055011345071e+00 1.005610762535594116e+00 1.002486086721912750e+00 1.004771205413703017e+00 1.009066166623058258e+00 1.013480431776221380e+00 1.017681574809060630e+00
1.000000000000000000e+00 9.983842531329549796e-01 1.001340889927047506e+00 1.007056563249713488e+00 1.015615214310403580e+00 1.017955001208851629e+00 1.020712107715728623e+00 1.021524673885595869e+00 1.022444865311332052e+00
1.000000000000000000e+00 1.004946030110209332e+00 1.009001032209639215e+00 1.010377122184758170e+00 1.009007521230543380e+00 1.011552109994105164e+00 1.016080273479142093e+00 1.020153365774353116e+00 1.024612687867442418e+00
1.000000000000000000e+00 1.001370253741987293e+00 1.004359513046819252e+00 1.010287113466316278e+00 1.019065499184979240e+00 1.022920273501927602e+00 1.027921863424634985e+00 1.030800219164144993e+00 1.033443342227364559e+00
1.000000000000000000e+00 1.005162906887916874e+00 1.011815315622913269e+00 1.016021299731746819e+00 1.017642603070706864e+00 1.021102659677640023e+00 1.026574000820940746e+00 1.030742018338488108e+00 1.035667880525132478e+00
1.000000000000000000e+00 1.004314249330142683e+00 1.009418406990802763e+00 1.016527164627171409e+00 1.025734484080369935e+00 1.031251530899709445e+00 1.038657931271580903e+00 1.043657648026463436e+00 1.048372844308989693e+00
1.000000000000000000e+00 1.007037846392420333e+00 1.016390801721648085e+00 1.023837493298787482e+00 1.029136908010547025e+00 1.034283610721849822e+00 1.041624216999520458e+00 1.046627774803036814e+00 1.052542083332433043e+00
1.000000000000000000e+00 1.008051849447960002e+00 1.017005130919846456e+00 1.026645211898209453e+00 1.037280241858658636e+00 1.044838432420986063e+00 1.054961167175392456e+00 1.062128430539553081e+00 1.069199727938479505e+00
1.000000000000000000e+00 1.010927578019652051e+00 1.024161734364009924e+00 1.035593525619655120e+00 1.045089186311553897e+00 1.052778301518785709e+00 1.063018555922527808e+00 1.069747413469519293e+00 1.077413366805731521e+00
1.000000000000000000e+00 1.013648114182296389e+00 1.028370342458487796e+00 1.042210880300592502e+00 1.055799667525966656e+00 1.066096005826788762e+00 1.079531996822947315e+00 1.089085772216838555e+00 1.098858503361010763e+00
1.000000000000000000e+00 1.017706191481930089e+00 1.036988374486002007e+00 1.053705538490756322e+00 1.068122004938105718e+00 1.079338707365707473e+00 1.093585338725665768e+00 1.102988188356566202e+00 1.113328681857814528e+00
1.000000000000000000e+00 1.022611289373070997e+00 1.045746417607944068e+00 1.065855132500575397e+00 1.084275374781128010e+00 1.098358437693518042e+00 1.116039258618742869e+00 1.128477596986257048e+00 1.141471049152878559e+00
1.000000000000000000e+00 1.029010642536277498e+00 1.057594447746295740e+00 1.081605484680518980e+00 1.102149534464271330e+00 1.118101302095547922e+00 1.137578701675165727e+00 1.150653682448043780e+00 1.164695012707394284e+00
1.000000000000000000e+00 1.037271134185088206e+00 1.072714874760970050e+00 1.101729061492878969e+00 1.127159584073902376e+00 1.146436460376512256e+00 1.169615632431041385e+00 1.185747744335630793e+00 1.202723325692292677e+00
1.000000000000000000e+00 1.047644017603047928e+00 1.090181363105433787e+00 1.124332320697344789e+00 1.152858740294496975e+00 1.175073323387766377e+00 1.201186493295987034e+00 1.219022078562515876e+00 1.237872410900094255e+00
1.000000000000000000e+00 1.061386245126094696e+00 1.114840272102184171e+00 1.156163092316843111e+00 1.191118011990402126e+00 1.217354525001995924e+00 1.247566282833776574e+00 1.268496293292934674e+00 1.290468717917968799e+00
1.000000000000000000e+00 1.078262094385822323e+00 1.141302072048841154e+00 1.189402759112967223e+00 1.228495837436585081e+00 1.258881397043848382e+00 1.293248377712625574e+00 1.317066760178043472e+00 1.341918261860676642e+00
1.000000000000000000e+00 1.101117634225532438e+00 1.180695164391015073e+00 1.238650394125685006e+00 1.286024771829864743e+00 1.321334773632572235e+00 1.360339169763833844e+00 1.387415614114695162e+00 1.415605368133756814e+00
1.000000000000000000e+00 1.128527089236902148e+00 1.221150350827319153e+00 1.288066054266880922e+00 1.341042118083719092e+00 1.381868844093804283e+00 1.426285778857122377e+00 1.457449271578590499e+00 1.489571235048199771e+00
1.000000000000000000e+00 1.166608008873760705e+00 1.283443898065748101e+00 1.363305064619616758e+00 1.426358740617117427e+00 1.473143722877798156e+00 1.522834999673135181e+00 1.557547028207231898e+00 1.593291906356405718e+00
1.000000000000000000e+00 1.211024884585985451e+00 1.345497845906509893e+00 1.437107293857310175e+00 1.507884424528431966e+00 1.561645568622628710e+00 1.617968263728842393e+00 1.657909085780599145e+00 1.698556173231659194e+00
1.000000000000000000e+00 1.274560922109141403e+00 1.443233572857648195e+00 1.550993869289009508e+00 1.633197975510426447e+00 1.693950330403695581e+00 1.756164736853486286e+00 1.799960753906831190e+00 1.844627998658665113e+00
1.000000000000000000e+00 1.346435702296427950e+00 1.538606065513238974e+00 1.661425858123824817e+00 1.754142592325549588e+00 1.823244314311715408e+00 1.893163691964108386e+00 1.943131665511065309e+00 1.993293730948525244e+00
1.000000000000000000e+00 1.452463520697596211e+00 1.690756310579674793e+00 1.832420582651585361e+00 1.937033301232444993e+00 2.013863624313855905e+00 2.090024826385024515e+00 2.144076445337359971e+00 2.198881334452595482e+00
1.000000000000000000e+00 1.568766842756327495e+00 1.837563632449068063e+00 1.997679781673377342e+00 2.115917166135401928e+00 2.202097922632385352e+00 2.286680937787711976e+00 2.347152366548305835e+00 2.407312045531622591e+00
1.000000000000000000e+00 1.745508872293296321e+00 2.072501912669675761e+00 2.252547010882970380e+00 2.381622198062640194e+00 2.475374307401972729e+00 2.566005465955569775e+00 2.630778560731446891e+00 2.696103758116377147e+00
1.000000000000000000e+00 1.933973813640339046e+00 2.298643296963681415e+00 2.499375262336261727e+00 2.644834300736181643e+00 2.748030855489131508e+00 2.846744696568176636e+00 2.916707582669218368e+00 2.986759733772524239e+00
1.000000000000000000e+00 2.227955817766803293e+00 2.658416045504003566e+00 2.876815987482153947e+00 3.029152919887279083e+00 3.138126260222682262e+00 3.242094511906158605e+00 3.316014897627524771e+00 3.390373067590520151e+00
1.000000000000000000e+00 2.534137585002525395e+00 3.006414793641366767e+00 3.243971711170342331e+00 3.414187313305398597e+00 3.530332753721854733e+00 3.639681209631023151e+00 3.716238112181839082e+00 3.794489417070303183e+00
1.000000000000000000e+00 3.021784467357734982e+00 3.552873038781065862e+00 3.799568626655792425e+00 3.967372522954443426e+00 4.085466785265299272e+00 4.197837974965083596e+00 4.275150975118629404e+00 4.354706241550834633e+00
1.000000000000000000e+00 3.520736993223377187e+00 4.086455952964463734e+00 4.342929479777346558e+00 4.526420369408441502e+00 4.644559234112927371e+00 4.756908337424293975e+00 4.833587167558507147e+00 4.914493532065842274e+00
1.000000000000000000e+00 4.327329015018738012e+00 4.909908497284875217e+00 5.155080850007974114e+00 5.319535364800742627e+00 5.432169153033350462e+00 5.539980504322789656e+00 5.610175491257036740e+00 5.686618041785182598e+00
1.000000000000000000e+00 5.142788500551520592e+00 5.722478081142140738e+00 5.955187205988336174e+00 6.122490502744882157e+00 6.222941570403960121e+00 6.322496371574407803e+00 6.385981415129273309e+00 6.457984058546530015e+00
1.000000000000000000e+00 6.473511801993191206e+00 6.953221515258912966e+00 7.133071297594816507e+00 7.255172419415634621e+00 7.332903495980634290e+00 7.412014514999687442e+00 7.457787319946937998e+00 7.513932289821636523e+00
1.000000000000000000e+00 7.809236708333545884e+00 8.178152701482844122e+00 8.303488607576554159e+00 8.395603179165863850e+00 8.446156176964533913e+00 8.499475562274634299e+00 8.529693896423218291e+00 8.569385030017331317e+00
1.000000000000000000e+00 1.000000000000000000e+01 1.000000000000000000e+01 1.000000000000000000e+01 1.000000000000000000e+01 1.000000000000000000e+01 1.000000000000000000e+01 1.000000000000000000e+01 1.000000000000000000e+01
